# Link Removal Percolation Results (Averaged)
# N=1024 M=2048
# M_graphs=1000 M_realizations=10 Total_runs=10000
# Columns:
#(1) edges_remaining (2) frac_removed
#(3) gc_mean (4) gc_std
#(5) small_mean (6) small_std
#(7) comp_mean (8) comp_std
#(9) cycles_mean (10) cycles_std
#(11) lambda1_mean (12) lambda1_std
#(13) core_mean (14) core_std
2048 0.00000000 1003.96800000 4.75155067 1.07757657 0.10377601 20.26000000 4.43445221 1036.02300000 44.52768512 -1.00000000 0.00000000 924.51000000 11.39152653
2028 0.01000000 1003.94700000 4.75504490 1.07760584 0.10367387 20.28000000 4.43796908 1015.65700000 44.04553725 -1.00000000 0.00000000 924.51000000 11.39152653
2007 0.02000000 1003.87800000 4.76018717 1.07781458 0.10381958 20.34400000 4.44180560 995.24500000 43.58257587 -1.00000000 0.00000000 924.40800000 11.41072112
1987 0.03000000 1003.79700000 4.74805701 1.07780886 0.10349383 20.42200000 4.42943315 974.80800000 43.13807165 -1.00000000 0.00000000 924.18300000 11.43540939
1966 0.04000000 1003.66400000 4.74840592 1.07812499 0.10305141 20.54700000 4.42783825 954.45300000 42.66431548 -1.00000000 0.00000000 923.88100000 11.44289880
1946 0.05000000 1003.48900000 4.77369436 1.07831241 0.10235426 20.71200000 4.44466326 934.10400000 42.17087884 -1.00000000 0.00000000 923.44400000 11.49887327
1925 0.06000000 1003.24700000 4.79711291 1.08022762 0.10390503 20.93300000 4.47152216 913.81500000 41.73146207 -1.00000000 0.00000000 922.85800000 11.53503974
1905 0.07000000 1002.98700000 4.80199301 1.08186332 0.10541900 21.16900000 4.46994821 893.58500000 41.28071202 -1.00000000 0.00000000 922.20500000 11.60320811
1884 0.08000000 1002.64500000 4.88685616 1.08379240 0.10647833 21.47700000 4.53382030 873.39200000 40.78588831 -1.00000000 0.00000000 921.31300000 11.68275137
1864 0.09000000 1002.30100000 4.93546704 1.08510224 0.10539151 21.79300000 4.57867311 853.22100000 40.32672542 -1.00000000 0.00000000 920.29700000 11.83278465
1843 0.10000000 1001.85200000 4.96795371 1.08780343 0.10720913 22.20000000 4.59783797 833.11000000 39.85047937 -1.00000000 0.00000000 919.11700000 11.93312830
1823 0.11000000 1001.32600000 5.02894154 1.09169353 0.10861737 22.66700000 4.63964046 813.10200000 39.40551834 -1.00000000 0.00000000 917.71500000 12.10555366
1802 0.12000000 1000.78500000 5.08363643 1.09498833 0.11195537 23.15900000 4.68678094 793.15000000 38.90977894 -1.00000000 0.00000000 916.17200000 12.19144286
1782 0.13000000 1000.15200000 5.14252278 1.09815039 0.11407174 23.73800000 4.73430009 773.16000000 38.42317054 -1.00000000 0.00000000 914.33100000 12.30514448
1761 0.14000000 999.48500000 5.22230813 1.10209874 0.11524887 24.33200000 4.78393819 753.27300000 37.94504518 -1.00000000 0.00000000 912.38800000 12.45041996
1741 0.15000000 998.68600000 5.29756646 1.10741265 0.11829153 25.04200000 4.84340602 733.46300000 37.50799003 -1.00000000 0.00000000 910.36600000 12.51477950
1720 0.16000000 997.79200000 5.38661652 1.11311570 0.12596126 25.83800000 4.89654507 713.77900000 37.03248978 -1.00000000 0.00000000 907.98200000 12.77536680
1700 0.17000000 996.78700000 5.48148116 1.11746896 0.12864623 26.75400000 4.99018779 694.20800000 36.56014771 -1.00000000 0.00000000 905.36300000 12.95507678
1679 0.18000000 995.77200000 5.55059428 1.12147222 0.12812729 27.66900000 5.03547164 674.61100000 36.05453747 -1.00000000 0.00000000 902.40400000 13.10816411
1659 0.19000000 994.69400000 5.58170938 1.12559005 0.12680038 28.64200000 5.06560974 655.08500000 35.61191649 -1.00000000 0.00000000 899.19900000 13.42219857
1638 0.20000000 993.44900000 5.69812652 1.13359658 0.13346953 29.73300000 5.11628074 635.69400000 35.08868031 -1.00000000 0.00000000 895.75100000 13.71276059
1618 0.21000000 992.15700000 5.77578453 1.14014525 0.13814894 30.87400000 5.12159615 616.33900000 34.59329051 -1.00000000 0.00000000 891.95900000 13.94283900
1597 0.22000000 990.77600000 5.90417733 1.14475927 0.14208439 32.11200000 5.22170304 597.09400000 34.06777400 -1.00000000 0.00000000 888.00500000 14.21235991
1577 0.23000000 989.13500000 6.00552926 1.15260047 0.14401171 33.55000000 5.30587554 578.01800000 33.52706492 -1.00000000 0.00000000 883.78900000 14.42328957
1556 0.24000000 987.43900000 6.13661509 1.15976015 0.13947387 35.03700000 5.39653067 559.02200000 32.98672958 -1.00000000 0.00000000 879.02100000 14.52045603
1536 0.25000000 985.59300000 6.27688545 1.16833718 0.14157055 36.64200000 5.44837632 540.11800000 32.44967448 -1.00000000 0.00000000 873.96100000 14.80051974
1516 0.26000000 983.61500000 6.39850522 1.17591760 0.14211544 38.36600000 5.51607530 521.34100000 31.99611061 -1.00000000 0.00000000 868.45100000 15.35171543
1495 0.27000000 981.41500000 6.57594855 1.18910826 0.14977710 40.23400000 5.64415004 502.72700000 31.47178925 -1.00000000 0.00000000 862.54000000 15.75205424
1475 0.28000000 979.09600000 6.70188597 1.20199495 0.15017598 42.19600000 5.75351147 484.19500000 30.97006441 -1.00000000 0.00000000 855.99800000 16.35489970
1454 0.29000000 976.68000000 6.84458069 1.20995078 0.14985884 44.26500000 5.79276537 465.74600000 30.57117832 -1.00000000 0.00000000 849.29000000 16.78481674
1434 0.30000000 973.98500000 7.01695794 1.22570639 0.17439257 46.51100000 5.86730957 447.50200000 30.04686801 -1.00000000 0.00000000 841.87000000 17.09685147
1413 0.31000000 971.21100000 7.22258233 1.24178181 0.17981189 48.80700000 5.97053731 429.31300000 29.63114631 -1.00000000 0.00000000 834.14200000 17.08715989
1393 0.32000000 968.28400000 7.41760380 1.25491795 0.19097931 51.26500000 6.05329986 411.27500000 29.06729891 -1.00000000 0.00000000 825.95200000 17.70161096
1372 0.33000000 965.11400000 7.70914698 1.27041702 0.19507226 53.87800000 6.20636511 393.33500000 28.49231398 -1.00000000 0.00000000 817.10800000 18.11201647
1352 0.34000000 961.61200000 8.00274080 1.28608536 0.19342682 56.73700000 6.35656130 375.73900000 27.87379726 -1.00000000 0.00000000 807.81500000 18.69186223
1331 0.35000000 957.83900000 8.25444684 1.30056330 0.19387224 59.83100000 6.47106069 358.33000000 27.38276979 -1.00000000 0.00000000 798.00700000 19.32600063
1311 0.36000000 953.71700000 8.60908373 1.32009932 0.19726591 63.12700000 6.58264416 341.13800000 26.80501458 -1.00000000 0.00000000 787.69700000 19.83357073
1290 0.37000000 949.22600000 8.86480583 1.34483882 0.20651094 66.66300000 6.72770074 324.24400000 26.14136188 -1.00000000 0.00000000 776.39700000 20.55815300
1270 0.38000000 944.11400000 9.25070600 1.37100607 0.21534813 70.63900000 6.94373823 307.64700000 25.49179033 -1.00000000 0.00000000 764.62000000 21.43374770
1249 0.39000000 939.06100000 9.57258807 1.39019981 0.22071495 74.62300000 7.14814526 291.13800000 24.97653576 -1.00000000 0.00000000 752.25800000 22.41654938
1229 0.40000000 933.34700000 9.96426212 1.41487438 0.22369388 78.99500000 7.32573147 275.01800000 24.43979145 -1.00000000 0.00000000 738.80800000 23.16607007
1208 0.41000000 927.42200000 10.50090200 1.43765606 0.22333666 83.49700000 7.47111590 259.03400000 23.98366873 -1.00000000 0.00000000 724.33400000 24.06849337
1188 0.42000000 920.88100000 11.04522696 1.47089379 0.24120699 88.31000000 7.57651901 243.34300000 23.53382109 -1.00000000 0.00000000 709.12700000 25.01010639
1167 0.43000000 913.98800000 11.50952227 1.50780743 0.25021425 93.33700000 7.64678222 227.89000000 22.98353159 -1.00000000 0.00000000 693.38100000 25.59002391
1147 0.44000000 906.54700000 11.95542070 1.54896157 0.26554485 98.62600000 7.67880332 212.67300000 22.45351837 -1.00000000 0.00000000 676.66500000 26.24651716
1126 0.45000000 898.36300000 12.56180763 1.60063721 0.28565361 104.18700000 7.83416673 197.71100000 21.81717392 -1.00000000 0.00000000 659.35600000 26.64200149
1106 0.46000000 890.02100000 13.39964604 1.64086407 0.30021078 109.93700000 8.11859730 182.98800000 21.20336799 -1.00000000 0.00000000 641.04500000 27.24832513
1085 0.47000000 880.31600000 14.36888272 1.70211954 0.32964895 116.28900000 8.33189180 168.86000000 20.57130812 -1.00000000 0.00000000 621.59700000 27.60030378
1065 0.48000000 869.95400000 15.10823318 1.76930261 0.35741148 122.99600000 8.44174806 155.04500000 19.82373005 -1.00000000 0.00000000 601.51700000 29.09017592
1044 0.49000000 858.91500000 16.19623434 1.82691873 0.40246025 130.15300000 8.83172638 141.72000000 18.86810008 -1.00000000 0.00000000 580.56100000 30.23358540
1024 0.50000000 846.66700000 17.17456281 1.90732418 0.44391581 137.76700000 9.01614330 128.83000000 18.16210578 -1.00000000 0.00000000 558.85000000 31.38716323
1004 0.51000000 833.29600000 18.56843727 1.98940782 0.48118435 145.87300000 9.27445268 116.45400000 17.31299679 -1.00000000 0.00000000 536.20700000 33.01925466
983 0.52000000 818.71700000 20.23600407 2.07795294 0.53705984 154.52000000 9.56737966 104.59800000 16.44942109 -1.00000000 0.00000000 512.23700000 34.54423485
963 0.53000000 802.55700000 22.35667089 2.20497993 0.63644586 163.79200000 9.98171826 93.37100000 15.55665645 -1.00000000 0.00000000 486.97600000 36.39865259
942 0.54000000 784.99400000 24.80535214 2.31912578 0.68462596 173.66300000 10.25104577 82.76900000 14.75179313 -1.00000000 0.00000000 461.23300000 38.00033044
922 0.55000000 766.35100000 27.05400138 2.43751020 0.72185716 183.84100000 10.49813031 72.42400000 13.96745263 -1.00000000 0.00000000 433.96900000 39.34936945
901 0.56000000 745.43300000 29.42016427 2.59251678 0.81219361 194.78400000 10.64014404 62.86100000 13.20329927 -1.00000000 0.00000000 405.12000000 40.99531268
881 0.57000000 722.22900000 32.23200970 2.78966233 0.97963902 206.27000000 10.80049837 53.88600000 12.43633669 -1.00000000 0.00000000 375.90500000 42.33267273
860 0.58000000 696.92700000 35.97709141 3.00382662 1.10621884 218.18100000 11.06076277 45.27400000 11.53413315 -1.00000000 0.00000000 346.20400000 43.28013056
840 0.59000000 667.74100000 41.24250251 3.31808003 1.34237960 230.88700000 11.22287068 37.49400000 10.75878893 -1.00000000 0.00000000 314.93900000 44.68620553
819 0.60000000 635.64900000 48.47146323 3.73050124 1.94726860 244.26900000 11.46751016 30.38400000 9.79081866 -1.00000000 0.00000000 282.78900000 46.16049781
799 0.61000000 599.36700000 55.65792029 4.23793736 2.60856849 258.45200000 11.81878439 24.07400000 8.88821827 -1.00000000 0.00000000 250.32600000 47.30299654
778 0.62000000 556.97300000 66.99373916 5.11885687 4.75211735 273.42600000 12.24824583 18.61200000 7.74050693 -1.00000000 0.00000000 216.28400000 48.69932758
758 0.63000000 508.98100000 78.73304597 6.17501004 6.26713200 289.25900000 12.74661393 13.87800000 6.62280168 -1.00000000 0.00000000 183.87400000 48.71611078
737 0.64000000 453.50500000 90.79383419 7.58673384 6.92304715 305.85200000 13.10416987 9.98300000 5.45212652 -1.00000000 0.00000000 152.12200000 47.41314076
717 0.65000000 390.08800000 101.42296051 9.59596005 8.54820770 323.35500000 13.54168796 6.98300000 4.32395428 -1.00000000 0.00000000 119.51600000 46.39983878
696 0.66000000 325.04200000 106.07172742 10.61806458 7.48548484 341.70500000 13.77050971 4.87800000 3.32478893 -1.00000000 0.00000000 89.46600000 44.55193971
676 0.67000000 262.39200000 101.72472230 11.56846772 7.07007518 360.72000000 13.90456521 3.35900000 2.50134857 -1.00000000 0.00000000 65.74000000 40.40214887
655 0.68000000 207.41800000 90.07019785 11.58880985 6.06514141 380.15300000 13.86877159 2.27700000 1.87259757 -1.00000000 0.00000000 45.18500000 34.28504516
635 0.69000000 161.11100000 77.95065304 10.84388224 4.63599021 399.96500000 13.66998397 1.60400000 1.48168942 -1.00000000 0.00000000 28.79500000 26.51518962
614 0.70000000 124.28100000 62.41720620 9.90322275 3.41408407 420.01000000 13.40305429 1.15900000 1.18484572 -1.00000000 0.00000000 18.33900000 20.49404986
594 0.71000000 95.08900000 49.28204491 8.84890298 2.55037036 440.25100000 13.01740928 0.88200000 0.96859167 -1.00000000 0.00000000 11.51600000 15.20838169
573 0.72000000 74.81100000 37.83031050 7.69027103 1.92632466 460.50600000 12.62600117 0.66200000 0.83416160 -1.00000000 0.00000000 7.72200000 10.67436697
553 0.73000000 59.65000000 29.30804320 6.66708322 1.43984870 480.85900000 12.18039224 0.51400000 0.73202294 -1.00000000 0.00000000 5.01000000 7.83798720
532 0.74000000 48.50400000 22.02613219 5.80299952 1.05961863 501.26100000 11.74685821 0.41500000 0.66394208 -1.00000000 0.00000000 3.46100000 5.88760948
512 0.75000000 40.17100000 18.04495279 5.08544220 0.79490200 521.68100000 11.29158930 0.32600000 0.59309289 -1.00000000 0.00000000 2.50000000 4.62386613
492 0.76000000 33.77600000 14.43082288 4.49699429 0.61374693 542.10300000 10.83061038 0.26500000 0.51458865 -1.00000000 0.00000000 1.77100000 3.57516953
471 0.77000000 28.72300000 11.54450512 4.02060739 0.48159174 562.55500000 10.37890877 0.22200000 0.47406590 -1.00000000 0.00000000 1.35200000 2.89671108
451 0.78000000 25.01200000 9.30916334 3.63412274 0.37366508 583.01900000 9.92746163 0.18400000 0.43836425 -1.00000000 0.00000000 1.04600000 2.47275058
430 0.79000000 22.18600000 7.50673292 3.30814145 0.29536513 603.48100000 9.47695206 0.15000000 0.39688254 -1.00000000 0.00000000 0.84300000 2.20609104
410 0.80000000 19.61100000 6.34316187 3.02266640 0.23065389 623.93400000 8.99987465 0.12100000 0.35266335 -1.00000000 0.00000000 0.62800000 1.79441857
389 0.81000000 17.44700000 5.35481637 2.78141345 0.19293209 644.40900000 8.55657879 0.09700000 0.32187165 -1.00000000 0.00000000 0.50000000 1.55249510
369 0.82000000 15.66000000 4.60939526 2.56771745 0.16225612 664.88100000 8.09353999 0.07600000 0.28325258 -1.00000000 0.00000000 0.39000000 1.39359040
348 0.83000000 14.14900000 4.00354866 2.38204432 0.13931041 685.37300000 7.65086430 0.06200000 0.25330301 -1.00000000 0.00000000 0.28400000 1.13290439
328 0.84000000 12.71500000 3.47174024 2.21254933 0.11445853 705.84000000 7.16767309 0.04900000 0.22495346 -1.00000000 0.00000000 0.23000000 1.01054546
307 0.85000000 11.37700000 2.83260893 2.06258683 0.09369669 726.34900000 6.72173468 0.03800000 0.19636664 -1.00000000 0.00000000 0.18000000 0.87845157
287 0.86000000 10.07500000 2.31817005 1.92980709 0.07546024 746.82200000 6.25733421 0.03000000 0.17059575 -1.00000000 0.00000000 0.13500000 0.73131969
266 0.87000000 9.12500000 2.02676732 1.81175080 0.06044063 767.24600000 5.79852104 0.02200000 0.14669067 -1.00000000 0.00000000 0.10400000 0.62866805
246 0.88000000 8.28900000 1.71574281 1.70625524 0.04969712 787.82300000 5.33090169 0.01800000 0.13295777 -1.00000000 0.00000000 0.07400000 0.50650731
225 0.89000000 7.55700000 1.52478966 1.61211575 0.04083383 808.29100000 4.87223695 0.01100000 0.10430766 -1.00000000 0.00000000 0.06100000 0.46400488
205 0.90000000 6.90000000 1.39434372 1.52630125 0.03340001 828.80500000 4.41031973 0.00700000 0.08337683 -1.00000000 0.00000000 0.03400000 0.32381242
184 0.91000000 6.24600000 1.27735945 1.44706591 0.02638813 849.29000000 3.94175770 0.00500000 0.07053721 -1.00000000 0.00000000 0.02200000 0.26367205
164 0.92000000 5.62300000 1.14847852 1.37491274 0.02040966 869.77200000 3.48500079 0.00500000 0.07053721 -1.00000000 0.00000000 0.01600000 0.22748445
143 0.93000000 5.05100000 0.99322588 1.30995625 0.01531148 890.25400000 3.02066159 0.00200000 0.04467885 -1.00000000 0.00000000 0.01600000 0.22748445
123 0.94000000 4.54900000 0.91196610 1.25068312 0.01176381 910.76300000 2.56777926 0.00100000 0.03160854 -1.00000000 0.00000000 0.00700000 0.15796675
102 0.95000000 4.09890000 0.80757910 1.19704031 0.00832323 931.27600000 2.09529545 0.00000000 0.00000000 -1.00000000 0.00000000 0.00300000 0.09482563
82 0.96000000 3.68820000 0.72541945 1.14803638 0.00572941 951.75600000 1.63056121 0.00000000 0.00000000 -1.00000000 0.00000000 0.00000000 0.00000000
61 0.97000000 3.28870000 0.56265795 1.10201173 0.00398201 972.25200000 1.19692910 0.00000000 0.00000000 -1.00000000 0.00000000 0.00000000 0.00000000
41 0.98000000 2.83590000 0.53981509 1.05873062 0.00212707 992.74700000 0.74903078 0.00000000 0.00000000 -1.00000000 0.00000000 0.00000000 0.00000000
20 0.99000000 2.14590000 0.35920202 1.01904045 0.00094709 1013.13300000 0.33959171 0.00000000 0.00000000 -1.00000000 0.00000000 0.00000000 0.00000000
0 1.00000000 1.00000000 0.00000000 1.00000000 0.00000000 1024.00000000 0.00000000 0.00000000 0.00000000 -1.00000000 0.00000000 0.00000000 0.00000000
