# Event-Based Ensemble (EBE) Results for link removal
# N=1024 c=4.0000
# M_graphs=5 M_realizations=2 Total_runs=10
# Columns:
#(1) run
#(2) p+ (3) dP(p+) (4) P(p+) (5) s(p+) (6) nc(p+) (7) nl(p+)
#(8) q+ (9) P(q+) (10) s(q+) (11) nc(q+) (12) nl(q+)
#(13) q0 (14) P(q0) (15) s(q0) (16) nc(q0) (17) nl(q0)
#(18) q- (19) P(q-) (20) s(q-) (21) nc(q-) (22) nl(q-)
#(23) p2 (24) p1
#(25) core_p* (26) core_drop (27) core_size* (28) core_zero_p
1 0.68172888 0.12890625 221 26.55915318 380 4 0.69351670 179 21.46627219 403 3 0.68172888 221 26.55915318 380 4 0.68123772 353 5.81669151 379 4 0.64783890 0.76080550 0.67779961 50 88 0.72789784
2 0.68172888 0.12890625 221 26.55915318 380 4 0.69351670 179 21.46627219 403 3 0.68172888 221 26.55915318 380 4 0.68123772 353 5.81669151 379 4 0.64783890 0.76080550 0.67779961 50 88 0.72789784
3 0.68107589 0.09863281 262 17.43569554 362 2 0.70701249 127 12.31103679 414 0 0.68443804 216 17.51980198 369 2 0.68059558 363 4.66717095 361 2 0.64217099 0.81268012 0.67867435 29 44 0.70701249
4 0.68107589 0.09863281 262 17.43569554 362 2 0.70701249 127 12.31103679 414 0 0.68443804 216 17.51980198 369 2 0.68059558 363 4.66717095 361 2 0.64217099 0.81268012 0.67867435 29 44 0.70701249
5 0.65156627 0.15625000 331 41.55988456 311 10 0.66120482 295 38.57750343 330 9 0.66698795 155 44.71231300 340 7 0.65108434 491 6.00562852 310 10 0.64096386 0.75614458 0.66216867 28 99 0.82891566
6 0.65156627 0.15625000 331 41.55988456 311 10 0.66120482 295 38.57750343 330 9 0.66698795 155 44.71231300 340 7 0.65108434 491 6.00562852 310 10 0.64096386 0.75614458 0.66216867 28 99 0.82891566
7 0.69938650 0.06250000 159 11.74913295 391 4 0.69608306 232 8.76262626 384 4 0.65313827 367 12.00761035 302 13 0.69891458 223 7.57428215 390 4 0.64181218 0.77866918 0.69042001 32 57 0.75412931
8 0.69938650 0.06250000 159 11.74913295 391 4 0.69608306 232 8.76262626 384 4 0.65313827 367 12.00761035 302 13 0.69891458 223 7.57428215 390 4 0.64181218 0.77866918 0.69042001 32 57 0.75412931
9 0.64331524 0.11035156 341 23.44509517 306 5 0.65811544 177 23.39197166 334 3 0.64627528 247 29.48906049 312 5 0.64282190 454 5.69122807 305 5 0.63098175 0.72224963 0.63887519 30 95 0.74592995
10 0.64331524 0.11035156 341 23.44509517 306 5 0.65811544 177 23.39197166 334 3 0.64627528 247 29.48906049 312 5 0.64282190 454 5.69122807 305 5 0.63098175 0.72224963 0.63887519 30 95 0.74592995
# STATISTICS:
# Mean p+ = 0.67141456
# Mean dP(p+) = 0.11132812
# Mean q+ = 0.68318650
# Mean q0 = 0.66651369
# Mean q- = 0.67093083
# Mean core p* = 0.66958757
