# Link Removal Percolation Results (Averaged)
# N=4096 M=8192
# M_graphs=1000 M_realizations=10 Total_runs=10000
# Columns:
#(1) edges_remaining (2) frac_removed
#(3) gc_mean (4) gc_std
#(5) small_mean (6) small_std
#(7) comp_mean (8) comp_std
#(9) cycles_mean (10) cycles_std
#(11) lambda1_mean (12) lambda1_std
#(13) core_mean (14) core_std
8192 0.00000000 4015.29000000 9.42861548 1.08600685 0.05722137 78.45900000 8.79227214 4135.22800000 86.10264446 -1.00000000 0.00000000 3697.21100000 21.77254885
8110 0.01000000 4015.13500000 9.42972253 1.08705947 0.05820459 78.58200000 8.79937605 4053.43000000 85.24293364 -1.00000000 0.00000000 3697.15900000 21.77400123
8028 0.02000000 4014.80000000 9.44345900 1.08897315 0.05899158 78.83800000 8.80428916 3971.75300000 84.30843838 -1.00000000 0.00000000 3696.70600000 21.76540689
7946 0.03000000 4014.25600000 9.47836737 1.09207405 0.06029897 79.25400000 8.81222160 3890.23600000 83.39442288 -1.00000000 0.00000000 3695.80800000 21.83187576
7864 0.04000000 4013.56000000 9.56198427 1.09467733 0.06113102 79.82400000 8.85973326 3808.87100000 82.49375056 -1.00000000 0.00000000 3694.34900000 21.90372517
7782 0.05000000 4012.70900000 9.63885936 1.09801285 0.06097125 80.51500000 8.90964158 3727.62900000 81.55667053 -1.00000000 0.00000000 3692.43400000 21.98963389
7700 0.06000000 4011.60600000 9.71072571 1.10183162 0.06334954 81.42500000 8.92414360 3646.60500000 80.60649301 -1.00000000 0.00000000 3690.11500000 22.12082069
7619 0.07000000 4010.29200000 9.75931660 1.10650752 0.06456438 82.51600000 8.95476202 3565.78500000 79.74068367 -1.00000000 0.00000000 3687.03400000 22.24685003
7537 0.08000000 4008.74300000 9.80614945 1.11207937 0.06405320 83.78400000 8.96132661 3485.11600000 78.86710687 -1.00000000 0.00000000 3683.26400000 22.48712679
7455 0.09000000 4007.03000000 9.87182077 1.11829498 0.06475280 85.17200000 8.96629553 3404.54700000 77.99058946 -1.00000000 0.00000000 3679.09300000 22.66009044
7373 0.10000000 4004.89200000 10.06073843 1.12590127 0.06844291 86.90700000 9.07604476 3324.36500000 76.97445214 -1.00000000 0.00000000 3674.39400000 22.88958622
7291 0.11000000 4002.33000000 10.23042356 1.13375046 0.06892298 89.01300000 9.23175788 3244.53000000 76.01259693 -1.00000000 0.00000000 3668.69900000 23.18974289
7209 0.12000000 3999.63300000 10.27204276 1.14194039 0.07213752 91.24100000 9.24637597 3164.87400000 75.16135341 -1.00000000 0.00000000 3662.07500000 23.43864996
7127 0.13000000 3996.59800000 10.38726073 1.15090975 0.07405258 93.72700000 9.29113037 3085.38600000 74.28198157 -1.00000000 0.00000000 3654.61800000 23.50951607
7045 0.14000000 3993.54100000 10.52365876 1.15856264 0.07543827 96.25900000 9.40142317 3005.98400000 73.40819178 -1.00000000 0.00000000 3646.45700000 23.39826701
6963 0.15000000 3990.06100000 10.64756386 1.16612661 0.07541328 99.13900000 9.44810064 2926.93100000 72.53231233 -1.00000000 0.00000000 3637.74900000 23.58757377
6881 0.16000000 3986.11000000 10.95873667 1.17615568 0.07679792 102.37200000 9.64349085 2848.22300000 71.45650337 -1.00000000 0.00000000 3628.40800000 23.93852212
6799 0.17000000 3981.66500000 11.29174589 1.18656834 0.07962211 106.03000000 9.82113769 2769.96500000 70.35656885 -1.00000000 0.00000000 3617.92600000 24.34407089
6717 0.18000000 3976.43400000 11.55253176 1.19870264 0.08220667 110.30800000 9.97772978 2692.31500000 69.43373733 -1.00000000 0.00000000 3606.28800000 25.15882256
6636 0.19000000 3971.20100000 11.81602983 1.20881070 0.08103623 114.60900000 10.13806673 2614.66600000 68.63651755 -1.00000000 0.00000000 3592.97600000 25.89201544
6554 0.20000000 3965.44100000 11.95729136 1.21795688 0.08057225 119.38800000 10.23317780 2537.49900000 67.84007832 -1.00000000 0.00000000 3577.93800000 26.47965772
6472 0.21000000 3959.45400000 12.24454478 1.22771455 0.08155363 124.30800000 10.38614092 2460.50000000 66.99642417 -1.00000000 0.00000000 3561.97000000 26.90720163
6390 0.22000000 3953.22700000 12.58925415 1.23714887 0.08328022 129.43400000 10.52239118 2383.70200000 66.10104485 -1.00000000 0.00000000 3545.11200000 27.03543133
6308 0.23000000 3946.31500000 12.95046511 1.24626059 0.08478465 135.14800000 10.68491988 2307.47600000 65.15122326 -1.00000000 0.00000000 3527.21200000 27.43979501
6226 0.24000000 3939.03200000 13.10435609 1.25813723 0.08542576 141.05500000 10.80377930 2231.45500000 64.32952513 -1.00000000 0.00000000 3508.54800000 27.68296102
6144 0.25000000 3931.08500000 13.43636218 1.26990388 0.08490101 147.49100000 11.01553690 2155.97200000 63.19617545 -1.00000000 0.00000000 3488.92900000 28.34939731
6062 0.26000000 3922.17900000 13.90950418 1.28200108 0.08518821 154.69100000 11.25060783 2081.22200000 61.95245376 -1.00000000 0.00000000 3467.63000000 28.87671184
5980 0.27000000 3912.46700000 14.46374194 1.29255834 0.08492303 162.62000000 11.65689445 2007.23800000 60.48246993 -1.00000000 0.00000000 3444.26600000 29.52531826
5898 0.28000000 3901.68200000 15.03341200 1.30426259 0.08749127 171.36800000 11.85034257 1934.02100000 59.47256727 -1.00000000 0.00000000 3418.79700000 30.59119764
5816 0.29000000 3890.28500000 15.35217717 1.31637039 0.08774256 180.61300000 12.09288447 1861.35300000 58.65422766 -1.00000000 0.00000000 3390.51400000 32.27289820
5734 0.30000000 3877.94200000 15.56447433 1.33067692 0.08941205 190.49200000 12.17886565 1789.28800000 57.86824630 -1.00000000 0.00000000 3359.79800000 33.41881024
5652 0.31000000 3865.23400000 16.15281199 1.34372290 0.09106376 200.61700000 12.45173946 1717.48100000 57.26525622 -1.00000000 0.00000000 3326.83600000 33.98291612
5571 0.32000000 3852.01300000 16.68420412 1.35942975 0.09417016 211.04900000 12.78127283 1645.97500000 56.46329060 -1.00000000 0.00000000 3292.57100000 34.26631549
5489 0.33000000 3837.95800000 16.96405063 1.37560226 0.09612075 222.03700000 12.86639753 1575.05200000 55.69857744 -1.00000000 0.00000000 3256.33800000 34.82322532
5407 0.34000000 3822.88600000 17.47659999 1.38976179 0.09513420 233.84900000 13.13961430 1504.91600000 54.77839913 -1.00000000 0.00000000 3218.80600000 35.29412035
5325 0.35000000 3806.96300000 17.78367951 1.40623337 0.09534584 246.20000000 13.34263102 1435.34600000 53.72558913 -1.00000000 0.00000000 3179.70000000 35.69080250
5243 0.36000000 3789.53000000 18.36253845 1.42694644 0.09832045 259.39200000 13.51778862 1366.59400000 52.40488328 -1.00000000 0.00000000 3138.37000000 36.76732631
5161 0.37000000 3771.38300000 19.28013183 1.44509293 0.10297429 273.23400000 14.00574382 1298.56000000 51.08496224 -1.00000000 0.00000000 3095.44200000 37.64898911
5079 0.38000000 3750.77700000 20.22127991 1.46893407 0.10875579 288.53900000 14.50081054 1231.88300000 49.50515516 -1.00000000 0.00000000 3050.13800000 38.38945599
4997 0.39000000 3728.05100000 21.66862598 1.49313190 0.11189658 305.41400000 15.21084288 1166.82600000 47.61283884 -1.00000000 0.00000000 3002.02800000 40.15585219
4915 0.40000000 3703.90300000 22.56276798 1.51506854 0.11422598 323.42700000 15.66624442 1102.91700000 46.00975767 -1.00000000 0.00000000 2950.88500000 42.37720328
4833 0.41000000 3677.50200000 23.25884979 1.53992714 0.11526067 342.86700000 16.09022065 1040.42900000 44.89936029 -1.00000000 0.00000000 2895.27200000 44.94659092
4751 0.42000000 3649.26900000 24.37310082 1.56878638 0.12061820 363.39600000 16.56552522 979.01300000 43.78479807 -1.00000000 0.00000000 2835.46300000 47.86967497
4669 0.43000000 3619.97700000 25.50257848 1.59700105 0.12271384 384.56100000 16.73500179 918.23700000 43.08348233 -1.00000000 0.00000000 2771.91900000 49.54018432
4588 0.44000000 3588.33600000 26.37484914 1.63486223 0.13517610 406.62900000 16.70506704 858.37200000 42.32090171 -1.00000000 0.00000000 2705.00500000 51.49306874
4506 0.45000000 3555.17000000 27.55091660 1.66666919 0.13958107 429.81700000 16.89727975 799.64700000 41.38668478 -1.00000000 0.00000000 2634.89600000 52.24366109
4424 0.46000000 3519.66200000 28.55029366 1.70697671 0.14957584 453.91300000 17.09434563 741.79200000 40.63847788 -1.00000000 0.00000000 2562.75000000 53.71338765
4342 0.47000000 3481.62400000 29.76651186 1.75206814 0.15438287 479.09000000 17.07867290 685.04300000 39.68741186 -1.00000000 0.00000000 2487.37800000 55.45611467
4260 0.48000000 3441.35500000 31.44041706 1.79568244 0.16515306 505.67500000 17.26670753 629.70000000 38.70043633 -1.00000000 0.00000000 2408.13700000 57.22392584
4178 0.49000000 3397.46600000 33.54885090 1.85310721 0.17860657 533.65400000 17.49391002 575.75400000 37.28217376 -1.00000000 0.00000000 2327.00400000 58.16609247
4096 0.50000000 3349.32500000 35.64811992 1.92196085 0.19994822 563.35800000 17.94162830 523.49900000 35.79419117 -1.00000000 0.00000000 2241.42100000 60.47208816
4014 0.51000000 3296.91500000 38.39777616 1.99737183 0.21831676 595.07300000 18.48939850 473.28900000 33.84505913 -1.00000000 0.00000000 2152.45900000 61.55341746
3932 0.52000000 3240.13800000 41.37494586 2.07603643 0.23483541 628.88000000 19.45706704 425.18200000 31.97097262 -1.00000000 0.00000000 2060.67700000 63.02693004
3850 0.53000000 3177.89500000 44.99549349 2.16334783 0.24610030 665.20500000 20.59260500 379.56700000 29.46371195 -1.00000000 0.00000000 1964.41800000 64.92604112
3768 0.54000000 3109.63700000 47.88964996 2.25457652 0.26568604 704.74400000 21.53176318 337.15500000 27.50913758 -1.00000000 0.00000000 1864.69100000 66.93308242
3686 0.55000000 3036.09800000 51.11075843 2.35787352 0.28833298 746.65800000 22.57503044 297.15600000 25.61244353 -1.00000000 0.00000000 1761.78300000 69.08821339
3604 0.56000000 2955.68900000 54.32729907 2.47738445 0.32230196 790.80500000 22.81712158 259.37000000 24.39025601 -1.00000000 0.00000000 1653.62000000 71.43706269
3523 0.57000000 2869.10000000 58.73658995 2.61222859 0.35881524 837.27100000 22.85471052 223.90900000 23.39520149 -1.00000000 0.00000000 1541.11600000 75.26252048
3441 0.58000000 2774.81000000 63.09990539 2.77400982 0.42807889 885.78100000 22.80958278 190.46000000 22.38518505 -1.00000000 0.00000000 1425.08900000 76.82820665
3359 0.59000000 2670.46900000 69.45285746 2.97781988 0.50749600 936.60400000 22.89850690 159.35500000 21.12353179 -1.00000000 0.00000000 1306.42000000 80.42013641
3277 0.60000000 2555.15200000 78.02225095 3.22235414 0.56626993 989.61000000 23.15097183 130.43900000 19.54370678 -1.00000000 0.00000000 1185.85200000 84.09038718
3195 0.61000000 2427.31500000 85.11415991 3.51971776 0.67066424 1045.34300000 23.57106087 104.24000000 17.91458884 -1.00000000 0.00000000 1062.38500000 86.65949320
3113 0.62000000 2282.77800000 96.82622707 3.93672505 0.91967250 1103.57400000 23.79393072 80.60100000 16.31779477 -1.00000000 0.00000000 935.63800000 88.32329849
3031 0.63000000 2118.68700000 113.14513340 4.48685197 1.18726018 1165.03700000 24.21115960 60.07600000 14.38189514 -1.00000000 0.00000000 807.00300000 90.94627048
2949 0.64000000 1935.08400000 129.89076220 5.25500714 1.69168734 1229.39500000 24.62132401 42.49000000 12.34152062 -1.00000000 0.00000000 679.64500000 92.77293601
2867 0.65000000 1722.99700000 160.65702617 6.46601296 3.28702258 1297.10800000 25.38300151 28.28200000 10.00732185 -1.00000000 0.00000000 550.53300000 93.86399712
2785 0.66000000 1475.95400000 206.46088369 8.84265638 8.53640770 1368.33400000 25.97829731 17.56000000 7.65116031 -1.00000000 0.00000000 425.86600000 94.02359325
2703 0.67000000 1196.72800000 254.86258162 12.38918341 12.53969347 1442.83800000 26.62165711 10.16700000 5.41110331 -1.00000000 0.00000000 308.62500000 91.56036645
2621 0.68000000 902.52500000 280.99281676 16.11327395 12.72990748 1520.29100000 26.85193516 5.66800000 3.74288350 -1.00000000 0.00000000 206.28600000 84.15850800
2540 0.69000000 632.84400000 258.79038798 18.13339342 10.85260121 1599.78900000 26.65350859 3.23400000 2.46816798 -1.00000000 0.00000000 123.63000000 73.88711004
2458 0.70000000 425.05600000 207.44866921 17.13399032 7.84534708 1680.43800000 26.16774027 1.93900000 1.67019698 -1.00000000 0.00000000 68.01700000 56.22964421
2376 0.71000000 284.87500000 147.16048041 14.60726788 4.78987971 1761.69000000 25.35997265 1.27800000 1.28330849 -1.00000000 0.00000000 34.41500000 37.04235398
2294 0.72000000 189.45800000 96.46419424 11.99385415 3.00959657 1843.27100000 24.54167452 0.90800000 1.06566860 -1.00000000 0.00000000 17.26200000 23.47028848
2212 0.73000000 137.33900000 67.76244723 9.65570953 1.95620503 1924.93800000 23.66005359 0.64800000 0.85215528 -1.00000000 0.00000000 9.51200000 14.69045394
2130 0.74000000 101.62400000 44.76989009 7.89537224 1.33071181 2006.74600000 22.79051173 0.50600000 0.76027745 -1.00000000 0.00000000 5.45800000 9.22066907
2048 0.75000000 78.77200000 33.27808226 6.53602182 0.87102788 2088.56800000 21.89468688 0.40900000 0.67805971 -1.00000000 0.00000000 3.53300000 6.59448707
1966 0.76000000 61.43800000 22.25483506 5.53851778 0.61046170 2170.40800000 21.02036445 0.32100000 0.58650950 -1.00000000 0.00000000 2.57900000 4.98540314
1884 0.77000000 49.73500000 16.55337357 4.75428398 0.44361821 2252.26200000 20.15455225 0.24900000 0.52822997 -1.00000000 0.00000000 1.82900000 3.73324962
1802 0.78000000 40.47000000 13.24781682 4.15058745 0.32096742 2334.14800000 19.25199106 0.19700000 0.47561920 -1.00000000 0.00000000 1.28800000 3.00798285
1720 0.79000000 34.26200000 10.65160559 3.67549938 0.23290275 2416.02100000 18.35985478 0.15100000 0.41257244 -1.00000000 0.00000000 0.96900000 2.55434756
1638 0.80000000 29.40000000 8.79191275 3.30765229 0.17458329 2497.95000000 17.45920910 0.13400000 0.38478410 -1.00000000 0.00000000 0.66500000 1.92331612
1556 0.81000000 25.66100000 7.11429127 3.01344120 0.13529327 2579.87900000 16.57907855 0.11300000 0.35530779 -1.00000000 0.00000000 0.57900000 1.74070733
1475 0.82000000 22.86600000 5.90893692 2.76751665 0.10704766 2661.77300000 15.68936221 0.09300000 0.31679810 -1.00000000 0.00000000 0.47100000 1.55157976
1393 0.83000000 20.32300000 4.99291137 2.55259955 0.09093104 2743.67700000 14.79522088 0.06700000 0.26555235 -1.00000000 0.00000000 0.37400000 1.34100851
1311 0.84000000 18.19900000 4.38078967 2.35977083 0.07331139 2825.60800000 13.89495027 0.05700000 0.24445240 -1.00000000 0.00000000 0.25400000 1.04479336
1229 0.85000000 16.18800000 3.69161466 2.18771260 0.06019347 2907.53200000 13.00753226 0.04800000 0.22737891 -1.00000000 0.00000000 0.21300000 0.94959000
1147 0.86000000 14.46100000 3.26275092 2.03338011 0.04937190 2989.45500000 12.09853762 0.03700000 0.18877119 -1.00000000 0.00000000 0.18000000 0.88751269
1065 0.87000000 12.91100000 2.84075448 1.89515217 0.04061512 3071.30600000 11.20468288 0.02600000 0.15914312 -1.00000000 0.00000000 0.12500000 0.69240374
983 0.88000000 11.47700000 2.39917623 1.77271554 0.03357308 3153.29700000 10.31103403 0.02100000 0.14339127 -1.00000000 0.00000000 0.09100000 0.57162197
901 0.89000000 10.29600000 2.13561234 1.66486238 0.02560653 3235.23400000 9.41881709 0.01700000 0.12927750 -1.00000000 0.00000000 0.07100000 0.49191788
819 0.90000000 9.26400000 1.82280999 1.57217277 0.01999596 3317.14900000 8.52103631 0.01500000 0.12155854 -1.00000000 0.00000000 0.05800000 0.44794650
737 0.91000000 8.54200000 1.63477927 1.48983956 0.01679625 3399.10200000 7.61888448 0.01100000 0.10430766 -1.00000000 0.00000000 0.05000000 0.41172436
655 0.92000000 7.72900000 1.38121315 1.41306565 0.01377579 3481.02100000 6.72882506 0.00700000 0.08337683 -1.00000000 0.00000000 0.03500000 0.33434440
573 0.93000000 6.95300000 1.21117203 1.34094371 0.01093319 3562.94600000 5.83904902 0.00700000 0.08337683 -1.00000000 0.00000000 0.02200000 0.26367205
492 0.94000000 6.15800000 1.08864802 1.27395141 0.00848913 3644.87700000 4.94027445 0.00400000 0.06312209 -1.00000000 0.00000000 0.02200000 0.26367205
410 0.95000000 5.41800000 0.88507307 1.21291718 0.00609120 3726.80900000 4.03957310 0.00300000 0.05469277 -1.00000000 0.00000000 0.01200000 0.18936627
328 0.96000000 4.83200000 0.81721649 1.15899092 0.00406000 3808.74300000 3.15467054 0.00200000 0.04467885 -1.00000000 0.00000000 0.00900000 0.16407831
246 0.97000000 4.18200000 0.66251030 1.10881087 0.00281815 3890.66000000 2.26691727 0.00000000 0.00000000 -1.00000000 0.00000000 0.00600000 0.13403655
164 0.98000000 3.40900000 0.54382771 1.06196907 0.00148802 3972.60700000 1.34934542 0.00000000 0.00000000 -1.00000000 0.00000000 0.00000000 0.00000000
82 0.99000000 2.54200000 0.52370166 1.01961811 0.00039415 4054.52800000 0.55067806 0.00000000 0.00000000 -1.00000000 0.00000000 0.00000000 0.00000000
0 1.00000000 1.00000000 0.00000000 1.00000000 0.00000000 4096.00000000 0.00000000 0.00000000 0.00000000 -1.00000000 0.00000000 0.00000000 0.00000000
