# Link Removal Percolation Results (Averaged)
# N=2097152 M=4194304
# M_graphs=1000 M_realizations=10 Total_runs=10000
# Columns:
#(1) edges_remaining (2) frac_removed
#(3) gc_mean (4) gc_std
#(5) small_mean (6) small_std
#(7) comp_mean (8) comp_std
#(9) cycles_mean (10) cycles_std
#(11) lambda1_mean (12) lambda1_std
#(13) core_mean (14) core_std
4194304 0.00000000 2055554.32800000 211.61161207 1.08634549 0.00238768 39946.02600000 196.44460892 2116128.73800001 1984.83801947 -1.00000000 0.00000000 1892535.90900000 509.81552733
4152361 0.01000000 2055468.10100000 212.22327552 1.08726085 0.00240883 40013.39800000 196.82651667 2074253.05600000 1964.52847474 -1.00000000 0.00000000 1892498.45800000 509.70511099
4110418 0.02000000 2055296.02700000 213.51188024 1.08894465 0.00246053 40149.84100000 197.42850737 2032446.45100000 1944.04728841 -1.00000000 0.00000000 1892257.37700000 510.33438547
4068475 0.03000000 2055016.83900000 214.43208526 1.09162401 0.00250568 40371.52800000 198.18353839 1990725.07900000 1922.68014153 -1.00000000 0.00000000 1891775.94100001 511.82029612
4026532 0.04000000 2054672.70000000 216.54436762 1.09455105 0.00258037 40650.08300000 199.45108720 1949060.58000000 1901.67213717 -1.00000000 0.00000000 1891046.54999999 513.65603837
3984589 0.05000000 2054240.39600000 217.84752222 1.09829466 0.00261979 40997.99200000 200.51393597 1907465.39900001 1881.13655625 -1.00000000 0.00000000 1890061.21300000 515.07271877
3942646 0.06000000 2053606.68400000 220.27074264 1.10360675 0.00268064 41508.63800000 201.60020144 1866033.02000000 1858.14798146 -1.00000000 0.00000000 1888887.63700001 517.14261561
3900703 0.07000000 2052935.05000000 222.33466390 1.10848636 0.00274623 42060.30700000 202.89441926 1824641.63200001 1837.90730912 -1.00000000 0.00000000 1887284.38100000 521.55811385
3858760 0.08000000 2052180.32300000 222.42167118 1.11392893 0.00280206 42678.14100000 203.06677407 1783316.38100000 1818.19936551 -1.00000000 0.00000000 1885359.93300000 523.95310782
3816817 0.09000000 2051309.11300001 226.44034480 1.12011707 0.00285460 43389.25600000 205.93134107 1742084.45399999 1796.83395090 -1.00000000 0.00000000 1883247.55200000 529.00450081
3774874 0.10000000 2050249.14700000 229.77832186 1.12747713 0.00293666 44252.62700000 207.39054211 1701004.77199999 1771.80917731 -1.00000000 0.00000000 1880883.03500000 531.48284937
3732931 0.11000000 2048866.83600000 231.21039105 1.13636032 0.00303297 45383.25600000 208.19166852 1660192.33900001 1752.02625770 -1.00000000 0.00000000 1878133.12000000 535.02955924
3690988 0.12000000 2047510.84000000 233.63090707 1.14377679 0.00308170 46508.96900000 210.14050048 1619375.06300000 1732.60054816 -1.00000000 0.00000000 1874615.45600000 545.35887422
3649044 0.13000000 2046055.37900001 235.53827966 1.15152321 0.00312185 47713.77400000 212.10752906 1578636.74900000 1711.28568447 -1.00000000 0.00000000 1870703.84100000 549.63705280
3607101 0.14000000 2044472.28300000 237.15921100 1.15972869 0.00317249 49020.07700000 212.61419414 1537999.99399999 1690.35350251 -1.00000000 0.00000000 1866548.69799999 554.53332949
3565158 0.15000000 2042733.21900000 238.05115810 1.16852571 0.00330530 50449.76800000 212.81443836 1497486.63200000 1669.86990904 -1.00000000 0.00000000 1862111.68000000 562.05943163
3523215 0.16000000 2040782.00100000 241.55308275 1.17806515 0.00336647 52048.48200000 215.17257167 1457142.27200000 1646.56927308 -1.00000000 0.00000000 1857336.44400000 571.46532014
3481272 0.17000000 2038519.21100000 246.86929522 1.18867366 0.00353297 53897.09700000 217.76771080 1417047.86000000 1619.82879186 -1.00000000 0.00000000 1852122.57900000 578.43009768
3439329 0.18000000 2035684.09100000 255.14160469 1.20105225 0.00367078 56211.16300000 220.90747032 1377418.84599999 1598.38797002 -1.00000000 0.00000000 1846303.41399999 589.34679567
3397386 0.19000000 2032939.40500000 264.00380447 1.21053112 0.00374797 58492.77700000 226.66177187 1337757.39700000 1581.12097568 -1.00000000 0.00000000 1839397.15700000 621.74940417
3355443 0.20000000 2030048.91100000 271.12905815 1.22016872 0.00370702 60885.57200000 230.52556262 1298207.13900000 1562.47588870 -1.00000000 0.00000000 1831423.46200000 627.46581731
3313500 0.21000000 2026994.83300000 276.94891800 1.23018334 0.00375358 63400.59900000 233.57605180 1258779.10399999 1541.80444067 -1.00000000 0.00000000 1823110.92300000 631.58467603
3271557 0.22000000 2023751.98800000 285.28264314 1.24051655 0.00379115 66058.97600000 238.13507145 1219494.44300000 1520.13767225 -1.00000000 0.00000000 1814415.05700000 634.76147171
3229614 0.23000000 2020287.51100000 288.38228502 1.25113508 0.00378975 68887.32000000 238.37843868 1180379.70500000 1500.11873917 -1.00000000 0.00000000 1805299.43200000 641.91326567
3187671 0.24000000 2016562.94600000 295.07890511 1.26217340 0.00386164 71915.11700000 241.82031142 1141464.45700000 1475.80958241 -1.00000000 0.00000000 1795704.93600000 650.21670548
3145728 0.25000000 2012509.76900000 304.90023623 1.27390465 0.00392940 75192.62300000 246.27269011 1102798.89800000 1454.18190819 -1.00000000 0.00000000 1785562.45300001 657.39654001
3103785 0.26000000 2008036.91199999 313.04378911 1.28631718 0.00393969 78793.92100000 252.09645777 1064457.14900000 1424.80420251 -1.00000000 0.00000000 1774763.65200000 672.38715733
3061842 0.27000000 2002974.42099999 328.05258970 1.29974113 0.00392491 82853.12000000 262.68643668 1026573.26900000 1388.77691685 -1.00000000 0.00000000 1763187.56300000 689.35166251
3019899 0.28000000 1996969.15800000 335.66825938 1.31416858 0.00392345 87672.08200000 268.88228102 989449.19100000 1361.00119947 -1.00000000 0.00000000 1750592.95700000 713.25118708
2977956 0.29000000 1991058.09500000 341.09596981 1.32615811 0.00397255 92464.38100000 269.65208893 952298.44300000 1345.52797418 -1.00000000 0.00000000 1736184.31400001 790.31790543
2936013 0.30000000 1984869.28100000 348.46939770 1.33881269 0.00404336 97441.74100000 274.32468595 915332.74000000 1330.17393023 -1.00000000 0.00000000 1719734.87700001 794.94269307
2894070 0.31000000 1978373.84100001 354.78864302 1.35204542 0.00420780 102625.06900000 275.06801792 878573.02300000 1314.43897137 -1.00000000 0.00000000 1702674.98400000 794.50299511
2852127 0.32000000 1971525.63300000 367.20790361 1.36629426 0.00427695 108040.03500000 279.64125178 842044.92300000 1297.15700233 -1.00000000 0.00000000 1684968.80700000 798.49546978
2810184 0.33000000 1964296.25100000 379.21487364 1.38136849 0.00437300 113707.27400000 288.16702266 805769.09100000 1280.19430496 -1.00000000 0.00000000 1666555.85900001 808.26219749
2768241 0.34000000 1956636.98400000 388.88475527 1.39740230 0.00452148 119658.32600000 292.35304814 769777.08000000 1254.40883437 -1.00000000 0.00000000 1647370.24500000 813.56364567
2726298 0.35000000 1948487.52800000 401.97818829 1.41457297 0.00464467 125931.62100000 293.92492672 734107.33100000 1232.70368267 -1.00000000 0.00000000 1627367.16800000 830.02535141
2684355 0.36000000 1939769.67700000 411.04052854 1.43293478 0.00462046 132580.88500000 297.26054592 698813.52600000 1206.94510272 -1.00000000 0.00000000 1606448.03300000 840.05633107
2642412 0.37000000 1930377.53199999 431.21320418 1.45281939 0.00472042 139674.65900000 303.94420693 663964.31100000 1181.16797792 -1.00000000 0.00000000 1584527.83200000 860.86796963
2600468 0.38000000 1920174.00599999 451.07922055 1.47413099 0.00489600 147312.80500000 309.90206018 629659.34500000 1146.79048166 -1.00000000 0.00000000 1561472.46400000 894.06207581
2558525 0.39000000 1908921.51400000 488.54586633 1.49728060 0.00502202 155668.75600000 330.93717894 596072.23200000 1099.67191471 -1.00000000 0.00000000 1537161.82900001 927.14142227
2516582 0.40000000 1896155.93900000 546.92285538 1.52214950 0.00516176 165101.91900000 373.29137558 563562.33800000 1019.63884689 -1.00000000 0.00000000 1511370.80000000 967.17307984
2474639 0.41000000 1882316.58200000 525.46661054 1.54648948 0.00523262 175394.65100000 355.80181659 531912.00800000 1029.85720103 -1.00000000 0.00000000 1483761.06900000 1028.56817639
2432696 0.42000000 1868004.00900000 541.68786907 1.57286399 0.00555521 185892.21100000 357.32658271 500466.51500000 1010.19500750 -1.00000000 0.00000000 1452247.78400000 1174.26114824
2390753 0.43000000 1852870.90400000 570.93653556 1.60209392 0.00573560 196798.12900000 364.07914761 469429.36300000 991.32696632 -1.00000000 0.00000000 1418989.89100000 1183.68212940
2348810 0.44000000 1836832.16800000 586.30025292 1.63434721 0.00596573 208149.38000000 365.42424808 438837.57800000 973.42292511 -1.00000000 0.00000000 1384525.60300001 1199.78908179
2306867 0.45000000 1819775.15299999 613.87886453 1.67024286 0.00635665 219987.53200000 364.58924766 408732.66400000 955.01768307 -1.00000000 0.00000000 1348790.37900000 1205.17250941
2264924 0.46000000 1801590.77600000 642.30939115 1.71013912 0.00671260 232348.63800000 370.21179159 379150.71100000 934.97487414 -1.00000000 0.00000000 1311678.05100000 1235.61093951
2222981 0.47000000 1782135.83200001 674.28543352 1.75493470 0.00710064 245290.73800000 372.58901166 350149.76200000 915.97609061 -1.00000000 0.00000000 1273115.71600000 1259.68824270
2181038 0.48000000 1761252.94000000 710.83768993 1.80483996 0.00739254 258876.98900000 377.26526714 321792.94700000 889.29584442 -1.00000000 0.00000000 1233009.17400000 1317.76393330
2139095 0.49000000 1738740.19900000 753.94961728 1.86103040 0.00797325 273181.45100000 385.25035676 294154.35000000 859.40152932 -1.00000000 0.00000000 1191237.32000000 1357.06145446
2097152 0.50000000 1714378.05299999 805.32937096 1.92393341 0.00850418 288298.75000000 391.21167948 267328.59500000 826.66985144 -1.00000000 0.00000000 1147744.82200000 1394.68372063
2055209 0.51000000 1687905.20100000 858.27757552 1.99452396 0.00919692 304346.33200000 405.81191469 241433.11800000 792.92901178 -1.00000000 0.00000000 1102411.32500000 1425.21611606
2013266 0.52000000 1658948.81400000 908.12070548 2.07428402 0.00985132 321483.04600000 420.25846524 216626.78000000 755.26084600 -1.00000000 0.00000000 1055150.53800000 1472.53069076
1971323 0.53000000 1627152.23100000 990.27260773 2.16264784 0.01079906 339946.86900000 444.43417962 193147.54000000 702.57040994 -1.00000000 0.00000000 1005966.79600000 1545.79900241
1929380 0.54000000 1591940.45800000 1112.08472675 2.25792642 0.01156487 360240.13900000 521.74142167 171497.75100000 602.07765176 -1.00000000 0.00000000 954928.92700000 1597.39517741
1887437 0.55000000 1553815.30699999 1170.01569751 2.35846320 0.01295503 382269.15500000 515.27204611 151583.70100000 580.69792027 -1.00000000 0.00000000 902622.16300000 1574.45655697
1845494 0.56000000 1512824.20300001 1255.91735900 2.47587528 0.01470543 405083.15400000 512.93277170 132454.66400000 553.73317685 -1.00000000 0.00000000 847329.56200000 1740.99451876
1803551 0.57000000 1468326.83900000 1358.42812021 2.61441396 0.01657018 428854.56600000 510.11064773 114283.02000000 534.51949142 -1.00000000 0.00000000 789852.12500000 1777.98600129
1761608 0.58000000 1419774.29300001 1477.60320732 2.77927150 0.01844216 453663.51700000 508.49923585 97148.90400000 509.37549718 -1.00000000 0.00000000 730820.55000000 1848.17148914
1719665 0.59000000 1366591.67500000 1609.59569619 2.97713734 0.02155646 479581.41200000 513.16812100 81123.73700000 477.73741860 -1.00000000 0.00000000 670307.67000000 1912.76594294
1677722 0.60000000 1307990.68900000 1787.96625601 3.21899194 0.02531664 506699.69900000 521.47320912 66298.96700000 443.91444887 -1.00000000 0.00000000 608260.52900000 1964.64886778
1635779 0.61000000 1243080.70900000 1974.93143824 3.51679695 0.02981441 535111.50100000 523.70929259 52767.70500000 414.93570483 -1.00000000 0.00000000 544885.21100000 2034.35691050
1593836 0.62000000 1170611.42500000 2244.38486867 3.89755331 0.03780236 564911.88100000 530.46296566 40625.09800000 380.46610078 -1.00000000 0.00000000 480319.39600000 2093.27913737
1551892 0.63000000 1089221.77599999 2589.48166152 4.39428309 0.04988642 596219.47800000 543.07139878 29989.58100000 337.18631185 -1.00000000 0.00000000 414842.42400000 2176.82032903
1509949 0.64000000 997272.23000000 2950.42813871 5.05934999 0.06518868 629118.71900000 558.12396676 20945.75300000 288.27561165 -1.00000000 0.00000000 349012.48500000 2214.15312686
1468006 0.65000000 892819.24900000 3391.27519257 5.99267690 0.09513673 663704.53200000 568.69458089 13588.52200000 236.77448286 -1.00000000 0.00000000 283581.46900000 2263.71071687
1426063 0.66000000 774107.24200000 4025.46705836 7.36343873 0.15460667 700025.46800000 584.65204932 7966.39500000 182.82835009 -1.00000000 0.00000000 219749.13700000 2232.08589507
1384120 0.67000000 640662.71600000 4737.09848257 9.48804770 0.26645563 738056.67500000 602.62496551 4054.54500000 132.08895762 -1.00000000 0.00000000 159417.31200000 2144.12253913
1342177 0.68000000 497509.02400000 5735.36731546 12.94115699 0.55856968 777668.92400000 617.29697859 1723.71400000 83.94907354 -1.00000000 0.00000000 105263.79100000 2053.81883829
1300234 0.69000000 350688.42900000 7646.85759604 19.15445719 1.33393264 818446.90400000 612.24475265 558.64900000 49.07994176 -1.00000000 0.00000000 61383.10400000 1852.08845911
1258291 0.70000000 183204.75800000 11711.74747740 39.13484027 7.91885997 859907.03200000 604.02002864 75.71400000 18.10731873 -1.00000000 0.00000000 29581.95100000 1620.12878819
1216348 0.71000000 16619.74300000 9212.53421473 116.58137180 35.66643088 901776.62300000 587.62422950 2.25800000 1.64733341 -1.00000000 0.00000000 7842.22900000 1224.46177450
1174405 0.72000000 2322.27700000 820.41754538 31.65938341 2.44110211 943718.38400000 567.18199027 0.99300000 0.97316273 -1.00000000 0.00000000 144.19800000 203.02404457
1132462 0.73000000 947.80500000 259.12809904 16.77547529 0.57767862 985661.15500000 546.55626000 0.67100000 0.78537932 -1.00000000 0.00000000 14.72400000 22.66232958
1090519 0.74000000 518.69700000 120.75192460 11.18074017 0.21779035 1027604.01900000 525.93486230 0.48800000 0.67074659 -1.00000000 0.00000000 6.46900000 10.50076500
1048576 0.75000000 323.53400000 67.86530346 8.29321791 0.10723673 1069546.96900000 505.30803245 0.37300000 0.60324737 -1.00000000 0.00000000 3.83100000 7.02661913
1006633 0.76000000 221.01100000 40.87630079 6.54663615 0.05978249 1111489.93900000 484.70395405 0.29800000 0.54334660 -1.00000000 0.00000000 2.50500000 5.17886639
964690 0.77000000 159.47600000 26.35463680 5.38049455 0.03676519 1153432.95100000 464.06372850 0.24200000 0.48317631 -1.00000000 0.00000000 1.84700000 4.23407413
922747 0.78000000 121.38400000 19.05126870 4.55568546 0.02349609 1195375.96400000 443.42899052 0.20300000 0.44023900 -1.00000000 0.00000000 1.34500000 3.24515456
880804 0.79000000 95.31300000 14.30962989 3.94942513 0.01586227 1237318.98000000 422.77936544 0.15700000 0.39034118 -1.00000000 0.00000000 1.08300000 2.75442729
838861 0.80000000 78.02700000 11.97257722 3.49816160 0.01123356 1279262.00400000 402.17457953 0.12800000 0.35444120 -1.00000000 0.00000000 0.77900000 2.21915557
796918 0.81000000 66.95000000 10.39270421 3.17050315 0.00844643 1321205.03900000 381.55343503 0.10000000 0.30985416 -1.00000000 0.00000000 0.60300000 1.84329346
754975 0.82000000 57.84700000 8.71901331 2.89272921 0.00666152 1363148.09100000 360.93170253 0.08600000 0.28742349 -1.00000000 0.00000000 0.46200000 1.57187884
713032 0.83000000 49.93600000 7.10527638 2.64945801 0.00547204 1405091.11299999 340.30039475 0.06700000 0.25400286 -1.00000000 0.00000000 0.39000000 1.42059910
671089 0.84000000 43.20200000 5.72594749 2.43554284 0.00450408 1447034.16900000 319.66946569 0.04900000 0.21587881 -1.00000000 0.00000000 0.27700000 1.12623170
629146 0.85000000 37.45800000 4.82395720 2.24638155 0.00367328 1488977.21499999 299.06318505 0.04200000 0.20059916 -1.00000000 0.00000000 0.19900000 0.95367182
587203 0.86000000 32.22700000 4.08596874 2.07888536 0.00287262 1530920.26800000 278.42570690 0.03700000 0.18877119 -1.00000000 0.00000000 0.15900000 0.79986435
545260 0.87000000 27.79200000 3.26432253 1.93037327 0.00231980 1572863.25000000 257.80395223 0.02500000 0.15613276 -1.00000000 0.00000000 0.13700000 0.73504083
503316 0.88000000 24.17400000 2.83734542 1.79913376 0.00183773 1614806.35600000 237.17389487 0.01700000 0.12927750 -1.00000000 0.00000000 0.09900000 0.65363730
461373 0.89000000 20.88500000 2.36438872 1.68451154 0.00139033 1656749.41300001 216.54443789 0.01200000 0.10889071 -1.00000000 0.00000000 0.06400000 0.51179116
419430 0.90000000 18.78700000 2.05378986 1.58959799 0.00103501 1698692.46100000 195.91500389 0.00700000 0.08337683 -1.00000000 0.00000000 0.04200000 0.39019383
377487 0.91000000 17.02600000 1.90202150 1.50447858 0.00086454 1740635.50000000 175.29507933 0.00400000 0.06312209 -1.00000000 0.00000000 0.02300000 0.27654773
335544 0.92000000 15.28300000 1.71557726 1.42471005 0.00070065 1782578.57099999 154.68096062 0.00400000 0.06312209 -1.00000000 0.00000000 0.01400000 0.22317926
293601 0.93000000 13.54600000 1.54794173 1.35020234 0.00055622 1824521.64000000 134.06829540 0.00200000 0.04467885 -1.00000000 0.00000000 0.01400000 0.22317926
251658 0.94000000 11.55500000 1.24464048 1.28106086 0.00042922 1866464.66400000 113.43373319 0.00100000 0.03160854 -1.00000000 0.00000000 0.00800000 0.17871540
209715 0.95000000 9.69600000 0.93041419 1.21795330 0.00030741 1908407.75400000 92.81298890 0.00100000 0.03160854 -1.00000000 0.00000000 0.00400000 0.12643417
167772 0.96000000 8.61700000 0.86624825 1.16327811 0.00021094 1950350.80700000 72.17861682 0.00000000 0.00000000 -1.00000000 0.00000000 0.00400000 0.12643417
125829 0.97000000 7.45300000 0.75620644 1.11190147 0.00014043 1992293.85200000 51.55885887 0.00000000 0.00000000 -1.00000000 0.00000000 0.00000000 0.00000000
83886 0.98000000 5.85800000 0.58810763 1.06369607 0.00007760 2034236.91400000 30.91795912 0.00000000 0.00000000 -1.00000000 0.00000000 0.00000000 0.00000000
41943 0.99000000 4.27000000 0.46810460 1.02040362 0.00002290 2076179.96800000 10.29026554 0.00000000 0.00000000 -1.00000000 0.00000000 0.00000000 0.00000000
0 1.00000000 1.00000000 0.00000000 1.00000000 0.00000000 2097152.00000000 0.00000000 0.00000000 0.00000000 -1.00000000 0.00000000 0.00000000 0.00000000
