# Link Removal Percolation Results (Averaged)
# N=65536 M=131072
# M_graphs=1000 M_realizations=10 Total_runs=10000
# Columns:
#(1) edges_remaining (2) frac_removed
#(3) gc_mean (4) gc_std
#(5) small_mean (6) small_std
#(7) comp_mean (8) comp_std
#(9) cycles_mean (10) cycles_std
#(11) lambda1_mean (12) lambda1_std
#(13) core_mean (14) core_std
131072 0.00000000 64236.53000000 39.44736632 1.08591135 0.01374376 1249.03500000 36.62119449 66110.59700000 351.95182852 -1.00000000 0.00000000 59139.61000000 93.62084376
129761 0.01000000 64233.92500000 39.47585603 1.08675825 0.01378564 1251.08400000 36.62233012 64802.13300000 348.32728360 -1.00000000 0.00000000 59138.45300000 93.55567892
128451 0.02000000 64228.47400000 39.48621582 1.08840690 0.01397044 1255.44000000 36.63321716 63495.97300000 344.73648573 -1.00000000 0.00000000 59130.95800000 93.60938258
127140 0.03000000 64219.87300000 39.52931985 1.09095524 0.01420253 1262.29600000 36.65294978 62192.29000000 341.08362274 -1.00000000 0.00000000 59115.67300000 93.63077882
125829 0.04000000 64209.15400000 39.85981892 1.09406839 0.01464952 1270.91300000 36.76561712 60890.39100000 337.43710006 -1.00000000 0.00000000 59093.26100000 94.10005505
124518 0.05000000 64195.74600000 40.41604669 1.09781127 0.01480235 1281.71100000 37.08861059 59590.65000000 333.66833676 -1.00000000 0.00000000 59062.63200000 94.09853362
123208 0.06000000 64176.31800000 40.84636726 1.10289994 0.01526150 1297.41400000 37.40126321 58295.82800000 329.57848324 -1.00000000 0.00000000 59026.15500000 94.52408400
121897 0.07000000 64154.99700000 41.16632674 1.10790815 0.01549708 1314.91000000 37.63035350 57002.82000000 326.06262172 -1.00000000 0.00000000 58976.32600000 95.09474236
120586 0.08000000 64131.60800000 41.28971809 1.11335586 0.01567849 1334.03600000 37.69558064 55711.41600000 322.52236048 -1.00000000 0.00000000 58915.69300000 95.11372884
119276 0.09000000 64104.29200000 41.66132862 1.11983713 0.01590751 1356.21300000 37.94007876 54423.06100000 318.63279487 -1.00000000 0.00000000 58849.88000000 95.42849815
117965 0.10000000 64070.88400000 42.46003803 1.12753764 0.01658857 1383.29400000 38.45471935 53139.63300000 314.53730730 -1.00000000 0.00000000 58775.47600000 96.46629462
116654 0.11000000 64027.73400000 43.09316589 1.13645244 0.01732384 1418.55700000 38.81828740 51864.36600000 310.87312565 -1.00000000 0.00000000 58688.26500000 97.82745932
115343 0.12000000 63985.42700000 43.19144847 1.14372901 0.01728650 1453.72700000 39.00103305 50589.06600000 307.65705084 -1.00000000 0.00000000 58578.94700000 98.68213621
114033 0.13000000 63940.07200000 43.90400406 1.15137421 0.01795001 1491.20700000 39.29619027 49315.96700000 304.05023362 -1.00000000 0.00000000 58456.87700000 98.68674571
112722 0.14000000 63890.32900000 44.32377713 1.15992258 0.01870143 1532.20300000 39.45880752 48046.44200000 300.49776460 -1.00000000 0.00000000 58326.68500000 99.55536601
111411 0.15000000 63835.52100000 45.41103143 1.16853691 0.01904029 1577.22700000 39.99886826 46780.94200000 296.34481379 -1.00000000 0.00000000 58188.67300000 101.18641183
110100 0.16000000 63774.75800000 45.85014351 1.17794637 0.01929000 1627.03900000 40.22314345 45520.22800000 292.52586066 -1.00000000 0.00000000 58040.38800000 102.14763272
108790 0.17000000 63703.93000000 46.84675615 1.18863659 0.01979238 1684.88400000 40.77173994 44267.55400000 287.25471034 -1.00000000 0.00000000 57876.95700000 103.05744628
107479 0.18000000 63617.10200000 47.30889355 1.20051375 0.01974528 1756.02100000 41.43235720 43028.17600000 282.73343425 -1.00000000 0.00000000 57694.82000000 105.45186395
106168 0.19000000 63530.17100000 47.11407149 1.21007642 0.01987013 1828.38100000 41.18010951 41790.00000000 280.39673363 -1.00000000 0.00000000 57478.91100000 109.58476154
104858 0.20000000 63440.09900000 47.37688947 1.21959582 0.01983823 1902.95800000 41.28412133 40554.06500000 277.42302199 -1.00000000 0.00000000 57230.12200000 110.27379175
103547 0.21000000 63344.16800000 48.15570240 1.23002327 0.02012471 1981.73300000 41.77822702 39322.31900000 273.97241344 -1.00000000 0.00000000 56970.30900000 110.39977505
102236 0.22000000 63243.02900000 49.30668589 1.24019094 0.02104274 2064.63800000 42.08973878 38094.70300000 270.59321658 -1.00000000 0.00000000 56698.33200000 110.58172818
100925 0.23000000 63135.36400000 50.76673350 1.25072042 0.02109849 2152.52600000 42.92204042 36872.04200000 266.64077326 -1.00000000 0.00000000 56414.72700000 111.85592361
99615 0.24000000 63019.23800000 52.37741589 1.26192557 0.02120909 2246.86700000 43.84209762 35655.87600000 262.56924208 -1.00000000 0.00000000 56113.29200000 113.80904176
98304 0.25000000 62892.11400000 54.43266754 1.27401749 0.02154608 2349.51500000 45.29627965 34448.00200000 258.26250202 -1.00000000 0.00000000 55795.73100000 115.22353182
96993 0.26000000 62751.93100000 56.57064842 1.28617981 0.02157116 2462.62000000 46.66589087 33250.56600000 252.77371521 -1.00000000 0.00000000 55457.87800000 117.49959035
95683 0.27000000 62592.93900000 60.16772635 1.29985775 0.02229109 2589.87400000 48.67764451 32067.31100000 245.69741757 -1.00000000 0.00000000 55095.66600000 120.26653253
94372 0.28000000 62407.71500000 62.59611491 1.31392455 0.02299573 2738.68000000 50.13283286 30905.57500000 241.22736462 -1.00000000 0.00000000 54700.00500000 125.32530318
93061 0.29000000 62221.21400000 62.05385783 1.32649809 0.02331016 2889.44200000 49.47368392 29745.81800000 239.74661774 -1.00000000 0.00000000 54247.95000000 136.89417629
91750 0.30000000 62028.10700000 63.45285003 1.33917405 0.02360814 3044.83400000 49.96863146 28590.69200000 237.09635721 -1.00000000 0.00000000 53735.85300000 140.09295484
90440 0.31000000 61824.17000000 65.69467771 1.35303109 0.02393630 3207.25100000 50.78791136 27442.59200000 233.96451756 -1.00000000 0.00000000 53202.25600000 141.68131784
89129 0.32000000 61610.20200000 67.12251291 1.36716122 0.02465136 3376.43500000 51.38460677 26301.24700000 230.79008730 -1.00000000 0.00000000 52649.84600000 144.03021473
87818 0.33000000 61383.96000000 69.73554836 1.38241580 0.02499144 3553.62800000 52.73008309 25167.92300000 227.32138609 -1.00000000 0.00000000 52074.62000000 145.03073120
86508 0.34000000 61144.71200000 72.13206887 1.39840335 0.02519677 3739.72700000 53.85525517 24043.50400000 223.77992253 -1.00000000 0.00000000 51475.21700000 145.75231142
85197 0.35000000 60889.58200000 75.24693672 1.41590987 0.02551267 3935.65300000 55.54251604 22928.91800000 219.97926803 -1.00000000 0.00000000 50849.18400000 149.31684331
83886 0.36000000 60616.60600000 77.48454781 1.43411240 0.02619844 4143.88400000 55.91113619 21826.60600000 216.32446092 -1.00000000 0.00000000 50193.67400000 150.67581108
82575 0.37000000 60323.13100000 78.99502428 1.45312039 0.02678616 4365.95600000 56.57356380 20738.22600000 211.61848493 -1.00000000 0.00000000 49507.34800000 152.72082131
81265 0.38000000 60003.32500000 82.36078985 1.47446014 0.02766888 4605.48400000 58.31810906 19667.15600000 205.29360489 -1.00000000 0.00000000 48785.16500000 158.42414461
79954 0.39000000 59650.61100000 87.53591225 1.49741883 0.02840497 4867.59900000 60.54184281 18618.75100000 195.87751223 -1.00000000 0.00000000 48025.26600000 164.55401863
78643 0.40000000 59250.94300000 95.79071634 1.52284001 0.02970397 5162.51900000 65.59018102 17603.16700000 185.07850366 -1.00000000 0.00000000 47218.74200000 171.58942779
77332 0.41000000 58819.82600000 94.50688271 1.54700201 0.03024469 5482.83600000 64.54911125 16612.95500000 183.66769546 -1.00000000 0.00000000 46347.90000000 185.10681904
76022 0.42000000 58372.72200000 96.63439624 1.57341057 0.03139492 5810.60200000 64.34368350 15630.19800000 181.26922146 -1.00000000 0.00000000 45368.65400000 203.57254349
74711 0.43000000 57898.41200000 98.70824985 1.60284310 0.03171184 6152.09400000 63.79866919 14661.15300000 178.75723484 -1.00000000 0.00000000 44330.98100000 205.28911077
73400 0.44000000 57396.19500000 102.19423340 1.63509464 0.03306283 6507.02600000 64.32477821 13705.56200000 174.95975894 -1.00000000 0.00000000 43254.55300000 208.89769509
72090 0.45000000 56862.71800000 106.88414709 1.67109252 0.03454551 6877.13200000 65.34333594 12765.14600000 171.76293236 -1.00000000 0.00000000 42137.60100000 212.43503163
70779 0.46000000 56292.29500000 111.72530702 1.71138082 0.03562842 7264.52900000 66.04735713 11842.02500000 168.71639190 -1.00000000 0.00000000 40978.27200000 216.94879279
69468 0.47000000 55683.76800000 115.84145243 1.75601190 0.03755625 7669.30300000 66.58289960 10936.28100000 165.13783664 -1.00000000 0.00000000 39774.37500000 224.26737605
68157 0.48000000 55031.32800000 123.28751112 1.80574029 0.04173893 8094.15600000 67.45954894 10050.61000000 160.71219226 -1.00000000 0.00000000 38521.72800000 233.18213355
66847 0.49000000 54328.72500000 131.20056682 1.86075221 0.04545013 8541.49500000 68.65272970 9187.42300000 155.68814968 -1.00000000 0.00000000 37217.72900000 241.57243072
65536 0.50000000 53569.27500000 139.75756363 1.92329331 0.04710201 9013.42600000 69.79260437 8348.82300000 150.31666967 -1.00000000 0.00000000 35858.73500000 249.17930453
64225 0.51000000 52739.88600000 147.99891004 1.99481604 0.05104261 9515.75100000 71.68212352 7540.62200000 143.38387291 -1.00000000 0.00000000 34441.73500000 256.29391220
62915 0.52000000 51832.88500000 162.39665958 2.07335831 0.05768865 10053.24400000 75.31671610 6767.60500000 134.64560861 -1.00000000 0.00000000 32962.22200000 262.10274035
61604 0.53000000 50839.16100000 179.09142484 2.16072193 0.06231223 10631.21800000 80.77702005 6035.04700000 124.09868186 -1.00000000 0.00000000 31431.21300000 271.22809976
60293 0.54000000 49740.85900000 197.66833433 2.25450816 0.06707236 11267.08500000 91.78878087 5360.39600000 108.61309711 -1.00000000 0.00000000 29834.02700000 279.79990541
58982 0.55000000 48550.32300000 207.63009824 2.35702854 0.07360398 11952.37600000 92.40659350 4735.16500000 104.29284479 -1.00000000 0.00000000 28197.67600000 285.91672889
57672 0.56000000 47270.24000000 219.82913566 2.47354784 0.08031232 12664.90400000 92.32016619 4137.17000000 100.23714805 -1.00000000 0.00000000 26470.66500000 309.01327754
56361 0.57000000 45882.36300000 236.85817573 2.61041729 0.08995747 13407.44800000 93.85680692 3569.19100000 95.25910953 -1.00000000 0.00000000 24670.45000000 317.55896440
55050 0.58000000 44360.87000000 255.66150547 2.78099630 0.10457985 14182.42900000 94.49195644 3033.63500000 90.39977316 -1.00000000 0.00000000 22818.85600000 321.62937025
53740 0.59000000 42695.76200000 281.15553027 2.98181694 0.12176888 14991.77600000 94.07887599 2532.45300000 85.68494606 -1.00000000 0.00000000 20928.48600000 332.85052914
52429 0.60000000 40866.79400000 307.20402829 3.22088140 0.14389330 15838.65700000 94.72033860 2068.83000000 79.34681274 -1.00000000 0.00000000 18989.86800000 348.80678777
51118 0.61000000 38827.29200000 341.73030989 3.52309848 0.17123195 16727.22100000 95.71641616 1646.87400000 72.67717882 -1.00000000 0.00000000 17007.04000000 354.28199499
49807 0.62000000 36558.78100000 384.55279108 3.90609166 0.20651252 17658.36600000 96.91750794 1267.55100000 65.61614090 -1.00000000 0.00000000 14987.61600000 357.47628379
48497 0.63000000 34006.39900000 442.00414089 4.40842448 0.27138394 18636.65400000 98.09658800 935.25700000 58.27195306 -1.00000000 0.00000000 12941.69300000 368.55461468
47186 0.64000000 31125.98600000 510.31019533 5.08259300 0.36675324 19664.82200000 101.01287381 652.88200000 49.27036465 -1.00000000 0.00000000 10882.57100000 379.06458547
45875 0.65000000 27848.14700000 605.77130279 6.04723969 0.55936880 20746.44600000 102.86520893 423.99400000 41.03635415 -1.00000000 0.00000000 8837.75800000 377.11343770
44564 0.66000000 24128.37500000 721.46100170 7.43117338 0.90866052 21881.97000000 106.09654447 249.00000000 31.45979930 -1.00000000 0.00000000 6849.35400000 384.99272282
43254 0.67000000 19931.54400000 841.13849125 9.66194713 1.57946502 23071.22100000 109.16701838 127.74800000 22.15765313 -1.00000000 0.00000000 4959.77400000 374.72984291
41943 0.68000000 15443.14700000 990.52063305 13.28582518 3.31677339 24309.52900000 111.35239151 55.51300000 13.94802085 -1.00000000 0.00000000 3276.08900000 347.28811955
40632 0.69000000 10681.99100000 1402.80518290 22.71398850 21.25089767 25584.20400000 109.99337361 19.67100000 8.14109248 -1.00000000 0.00000000 1910.10400000 300.84703103
39322 0.70000000 5192.74500000 1908.99701439 45.36295736 31.44674008 26880.18900000 107.54577578 5.13800000 3.56036847 -1.00000000 0.00000000 923.59000000 268.48701724
38011 0.71000000 1762.29000000 966.29163603 37.30367232 11.75771671 28187.30000000 104.31256929 1.73000000 1.45441106 -1.00000000 0.00000000 271.31800000 194.58522867
36700 0.72000000 731.49900000 364.03436665 22.08623851 3.97257551 29497.09900000 100.80724879 1.00100000 1.01444660 -1.00000000 0.00000000 46.37600000 63.20212081
35389 0.73000000 389.15200000 158.31182887 14.32680766 1.51068868 30807.30700000 97.13326020 0.68600000 0.83992532 -1.00000000 0.00000000 14.33200000 22.58425958
34079 0.74000000 244.84600000 85.13628546 10.25215764 0.77307269 32117.66300000 93.47449481 0.50100000 0.70714143 -1.00000000 0.00000000 6.53000000 11.15623351
32768 0.75000000 168.79700000 53.26091873 7.86638980 0.44805389 33428.06400000 89.80022445 0.38000000 0.61125884 -1.00000000 0.00000000 3.72900000 7.03921260
31457 0.76000000 121.27600000 31.39529249 6.32702987 0.26901914 34738.49200000 86.12896003 0.30100000 0.54993567 -1.00000000 0.00000000 2.32300000 4.47154006
30147 0.77000000 92.19200000 21.90317582 5.25286658 0.17181193 36048.95800000 82.47790308 0.23200000 0.48805719 -1.00000000 0.00000000 1.66800000 3.60625519
28836 0.78000000 72.55600000 16.76111445 4.47892006 0.11791708 37359.44300000 78.80390699 0.18200000 0.42999359 -1.00000000 0.00000000 1.18900000 2.94790570
27525 0.79000000 58.29700000 12.79668576 3.89926637 0.08230921 38669.92700000 75.14552785 0.14500000 0.37945935 -1.00000000 0.00000000 0.88400000 2.45135573
26214 0.80000000 48.58300000 10.24966422 3.46446993 0.05927416 39980.41500000 71.47511206 0.12100000 0.35548789 -1.00000000 0.00000000 0.67900000 2.00508380
24904 0.81000000 42.32700000 8.53072965 3.14451430 0.04509485 41290.93600000 67.82132317 0.10600000 0.32981037 -1.00000000 0.00000000 0.55600000 1.84694481
23593 0.82000000 36.84900000 7.15523017 2.87267492 0.03685438 42601.41700000 64.15095202 0.08600000 0.29767912 -1.00000000 0.00000000 0.45700000 1.60698763
22282 0.83000000 32.42800000 6.10348599 2.63445764 0.03034490 43911.93700000 60.47578659 0.07300000 0.27509738 -1.00000000 0.00000000 0.35400000 1.33673583
20972 0.84000000 28.75600000 5.15510635 2.42393942 0.02415907 45222.44500000 56.83097704 0.05500000 0.23233682 -1.00000000 0.00000000 0.29800000 1.22038721
19661 0.85000000 25.16600000 4.33085669 2.23793632 0.01947240 46532.96000000 53.14881823 0.04600000 0.21421622 -1.00000000 0.00000000 0.21500000 0.96998407
18350 0.86000000 21.99500000 3.84791575 2.07235938 0.01544098 47843.46900000 49.50349582 0.03400000 0.18667481 -1.00000000 0.00000000 0.16900000 0.82613997
17039 0.87000000 19.29900000 3.20446967 1.92530269 0.01237997 49153.91400000 45.84263036 0.03000000 0.17059575 -1.00000000 0.00000000 0.11900000 0.66998798
15729 0.88000000 16.80300000 2.70904501 1.79516265 0.00990881 50464.50700000 42.14908784 0.02300000 0.14991080 -1.00000000 0.00000000 0.10500000 0.61968815
14418 0.89000000 14.77300000 2.33109725 1.68159984 0.00763593 51775.02900000 38.47898416 0.01500000 0.12155854 -1.00000000 0.00000000 0.07400000 0.48636165
13107 0.90000000 13.35900000 2.08723613 1.58722426 0.00585520 53085.53600000 34.83064773 0.01300000 0.11327967 -1.00000000 0.00000000 0.04700000 0.38315229
11796 0.91000000 12.10300000 1.81072330 1.50253134 0.00491740 54396.06700000 31.16933852 0.01200000 0.10889071 -1.00000000 0.00000000 0.04000000 0.34987461
10486 0.92000000 10.90800000 1.61362833 1.42307501 0.00392438 55706.57600000 27.49694223 0.00500000 0.07053721 -1.00000000 0.00000000 0.03700000 0.33710883
9175 0.93000000 9.74200000 1.44556043 1.34887130 0.00319515 57017.09300000 23.83906838 0.00400000 0.06312209 -1.00000000 0.00000000 0.01500000 0.21161162
7864 0.94000000 8.54500000 1.23940656 1.28003890 0.00244366 58327.61600000 20.18215241 0.00200000 0.04467885 -1.00000000 0.00000000 0.01200000 0.18936627
6554 0.95000000 7.32400000 1.04073643 1.21725942 0.00171008 59638.15400000 16.50719639 0.00100000 0.03160854 -1.00000000 0.00000000 0.00600000 0.13403655
5243 0.96000000 6.51300000 0.84017950 1.16272684 0.00118915 60948.66900000 12.82855784 0.00000000 0.00000000 -1.00000000 0.00000000 0.00300000 0.09482563
3932 0.97000000 5.60600000 0.72444219 1.11150142 0.00082434 62259.19400000 9.18252666 0.00000000 0.00000000 -1.00000000 0.00000000 0.00000000 0.00000000
2621 0.98000000 4.49800000 0.56747529 1.06346453 0.00042686 63569.72400000 5.51442335 0.00000000 0.00000000 -1.00000000 0.00000000 0.00000000 0.00000000
1311 0.99000000 3.26600000 0.47462251 1.02030011 0.00012457 64880.23700000 1.87328106 0.00000000 0.00000000 -1.00000000 0.00000000 0.00000000 0.00000000
0 1.00000000 1.00000000 0.00000000 1.00000000 0.00000000 65536.00000000 0.00000000 0.00000000 0.00000000 -1.00000000 0.00000000 0.00000000 0.00000000
