# Link Removal Percolation Results (Averaged)
# N=32768 M=65536
# M_graphs=1000 M_realizations=10 Total_runs=10000
# Columns:
#(1) edges_remaining (2) frac_removed
#(3) gc_mean (4) gc_std
#(5) small_mean (6) small_std
#(7) comp_mean (8) comp_std
#(9) cycles_mean (10) cycles_std
#(11) lambda1_mean (12) lambda1_std
#(13) core_mean (14) core_std
65536 0.00000000 32120.38500000 27.37330277 1.08617743 0.01964182 622.92100000 25.69682454 33060.88300000 244.41575075 -1.00000000 0.00000000 29571.50400000 64.15661767
64881 0.01000000 32119.09200000 27.44610837 1.08706523 0.01980297 623.92800000 25.74061137 32406.56200000 241.85365301 -1.00000000 0.00000000 29571.01300000 64.19701673
64225 0.02000000 32116.47000000 27.41445340 1.08869009 0.02010506 626.00800000 25.74269226 31753.31900000 239.28457315 -1.00000000 0.00000000 29567.26900000 64.36501320
63570 0.03000000 32112.08300000 27.43711702 1.09143000 0.02032966 629.46500000 25.69647458 31101.44000000 236.76868530 -1.00000000 0.00000000 29559.72600000 64.55281272
62915 0.04000000 32106.69100000 27.55186799 1.09444891 0.02082076 633.81900000 25.76782174 30450.46600000 234.21423628 -1.00000000 0.00000000 29548.30300000 64.50202510
62259 0.05000000 32099.98500000 27.80244724 1.09813338 0.02166543 639.22400000 25.86021460 29800.53600000 231.76630960 -1.00000000 0.00000000 29533.03400000 64.84596629
61604 0.06000000 32090.28500000 28.09111401 1.10297669 0.02204784 647.13100000 26.03435457 29153.09900000 229.01333129 -1.00000000 0.00000000 29514.81800000 65.06323231
60948 0.07000000 32079.49800000 28.43949501 1.10793013 0.02281812 656.02800000 26.13031755 28506.68900000 226.63496778 -1.00000000 0.00000000 29489.66600000 65.79847557
60293 0.08000000 32067.92100000 28.48041208 1.11314336 0.02335405 665.54400000 26.14571521 27860.86800000 224.13442440 -1.00000000 0.00000000 29459.18300000 66.15710988
59638 0.09000000 32054.32900000 28.92563618 1.11943016 0.02328776 676.62500000 26.45657518 27216.60900000 221.46579155 -1.00000000 0.00000000 29426.26600000 66.78503776
58982 0.10000000 32037.52500000 29.47840350 1.12680760 0.02386283 690.29800000 26.81945421 26574.95400000 218.62578441 -1.00000000 0.00000000 29389.04800000 67.39551848
58327 0.11000000 32016.02600000 29.63675349 1.13563587 0.02450694 707.86500000 26.91154396 25937.20100000 215.96648525 -1.00000000 0.00000000 29345.77300000 68.20227728
57672 0.12000000 31994.84800000 30.14892688 1.14285894 0.02521411 725.52200000 27.35880784 25299.56300000 213.59810965 -1.00000000 0.00000000 29291.01300000 68.99036743
57016 0.13000000 31972.18900000 30.47284264 1.15036263 0.02522147 744.31000000 27.57904930 24662.98500000 211.19116209 -1.00000000 0.00000000 29229.59100000 70.26887996
56361 0.14000000 31947.47000000 30.98126989 1.15887387 0.02604050 764.65100000 27.92252076 24027.98100000 208.83616998 -1.00000000 0.00000000 29164.29000000 70.78496275
55706 0.15000000 31920.57300000 31.20817306 1.16760330 0.02638074 786.81400000 28.12874911 23394.80700000 206.33081930 -1.00000000 0.00000000 29094.78700000 70.91513609
55050 0.16000000 31889.87300000 31.56444998 1.17737868 0.02688522 811.97100000 28.27246173 22764.63900000 203.32419618 -1.00000000 0.00000000 29020.21500000 71.88649068
54395 0.17000000 31854.51500000 32.18734810 1.18781012 0.02720807 840.97600000 28.70344601 22138.32100000 199.62310211 -1.00000000 0.00000000 28938.81500000 72.86892179
53740 0.18000000 31811.52900000 32.95287162 1.19959135 0.02837196 876.15500000 29.05008375 21518.16400000 196.32886086 -1.00000000 0.00000000 28848.17500000 74.10351886
53084 0.19000000 31768.08000000 33.15544493 1.20966633 0.02881565 912.21100000 29.21437706 20898.89700000 194.37849853 -1.00000000 0.00000000 28740.68500000 76.71044404
52429 0.20000000 31722.50100000 34.03600805 1.21890600 0.02863718 950.04700000 29.84245044 20281.40900000 192.01368348 -1.00000000 0.00000000 28618.26400000 77.93651079
51773 0.21000000 31674.52600000 34.66960516 1.22905725 0.02861907 989.48700000 30.10548895 19665.49600000 189.64079821 -1.00000000 0.00000000 28487.17000000 78.31599096
51118 0.22000000 31623.59000000 35.15391130 1.24005366 0.02954937 1031.03900000 30.21692879 19051.73800000 187.26644715 -1.00000000 0.00000000 28350.92400000 78.75669169
50463 0.23000000 31569.22300000 36.00395672 1.25092589 0.03069666 1075.33800000 30.62671310 18440.69500000 184.63288685 -1.00000000 0.00000000 28208.60800000 78.83183229
49807 0.24000000 31511.19300000 36.89005067 1.26181891 0.03121141 1122.54700000 31.12116071 17832.58600000 181.60874092 -1.00000000 0.00000000 28059.15800000 79.84008066
49152 0.25000000 31447.54100000 37.78596428 1.27362596 0.03159685 1174.10400000 31.39193733 17228.77900000 178.32381248 -1.00000000 0.00000000 27900.16500000 81.31399001
48497 0.26000000 31377.51600000 38.60151230 1.28609286 0.03191299 1230.51700000 31.88936193 16629.85500000 175.27149792 -1.00000000 0.00000000 27731.54500000 82.90643716
47841 0.27000000 31298.20400000 40.05831812 1.29881796 0.03199035 1294.21400000 32.66828624 16038.24500000 170.88471299 -1.00000000 0.00000000 27550.41900000 84.91294636
47186 0.28000000 31207.67800000 41.55972855 1.31213768 0.03296156 1367.13100000 33.59626036 15455.82800000 167.48186001 -1.00000000 0.00000000 27352.20300000 88.99576291
46531 0.29000000 31114.08400000 42.00606379 1.32442992 0.03294156 1442.90800000 33.57424994 14876.27500000 165.96492946 -1.00000000 0.00000000 27125.28600000 96.37542750
45875 0.30000000 31016.83500000 43.03376541 1.33836671 0.03437203 1520.67200000 33.41230393 14298.70600000 163.88599521 -1.00000000 0.00000000 26871.17300000 99.56050573
45220 0.31000000 30915.16400000 44.10205894 1.35155154 0.03518237 1601.81000000 33.78126726 13724.51100000 161.90765049 -1.00000000 0.00000000 26603.17400000 100.66574931
44564 0.32000000 30807.63200000 45.29765738 1.36604346 0.03568376 1686.68300000 34.29317881 13154.04400000 160.06156951 -1.00000000 0.00000000 26326.25100000 102.49179702
43909 0.33000000 30694.67500000 46.50089901 1.38170218 0.03621711 1775.14200000 34.13664259 12587.17600000 157.54646017 -1.00000000 0.00000000 26037.73200000 102.38601694
43254 0.34000000 30575.12600000 47.38922555 1.39739298 0.03632075 1868.02000000 34.60340069 12024.72100000 155.18696291 -1.00000000 0.00000000 25737.47400000 103.59717449
42598 0.35000000 30447.39200000 49.79351640 1.41499349 0.03685332 1966.26500000 35.50660286 11467.65100000 152.54833430 -1.00000000 0.00000000 25424.40500000 106.46640073
41943 0.36000000 30310.86000000 51.78506126 1.43384583 0.03725693 2070.27800000 36.16768622 10916.32500000 149.84340052 -1.00000000 0.00000000 25096.76200000 108.46507190
41288 0.37000000 30163.67700000 53.88336490 1.45386158 0.03796848 2181.40400000 36.96459688 10372.17600000 146.03630262 -1.00000000 0.00000000 24752.91400000 111.20297305
40632 0.38000000 30003.80000000 56.93067811 1.47481056 0.03851032 2301.21200000 38.56555181 9836.58100000 141.85594718 -1.00000000 0.00000000 24392.20300000 113.66444366
39977 0.39000000 29827.38500000 60.84742407 1.49792037 0.03900036 2432.25700000 41.01301205 9312.31500000 136.35538513 -1.00000000 0.00000000 24011.61800000 117.03642095
39322 0.40000000 29626.86500000 64.86872567 1.52304961 0.04039876 2580.27100000 43.70334721 8804.96400000 129.83599055 -1.00000000 0.00000000 23606.70400000 122.77854797
38666 0.41000000 29412.94400000 65.56633861 1.54671891 0.04080884 2739.36400000 43.24079648 8308.74800000 128.07484848 -1.00000000 0.00000000 23170.91400000 133.50012297
38011 0.42000000 29189.16900000 66.93216290 1.57291694 0.04203720 2903.33500000 43.84749748 7817.40100000 126.52233395 -1.00000000 0.00000000 22684.44200000 146.11279729
37356 0.43000000 28952.17500000 69.94434642 1.60201861 0.04488858 3074.29900000 44.45864658 7333.01800000 124.37717091 -1.00000000 0.00000000 22164.98100000 149.07419948
36700 0.44000000 28700.45900000 72.16307276 1.63531596 0.04780375 3251.93800000 44.56160600 6855.32800000 122.14148464 -1.00000000 0.00000000 21627.52900000 151.11659334
36045 0.45000000 28433.28000000 74.51812461 1.67112590 0.05011954 3437.57300000 44.76553436 6385.62700000 120.06107336 -1.00000000 0.00000000 21068.46800000 152.16981482
35389 0.46000000 28147.70800000 79.20926806 1.71282251 0.05264491 3631.13700000 45.35241907 5923.85700000 117.51838838 -1.00000000 0.00000000 20489.56400000 154.89064857
34734 0.47000000 27845.94800000 83.76818613 1.75621314 0.05528886 3832.63800000 46.20169278 5470.05500000 114.36138259 -1.00000000 0.00000000 19888.33800000 159.31611318
34079 0.48000000 27520.07200000 86.55325507 1.80533289 0.05825289 4045.01100000 46.14856279 5027.08200000 111.67547814 -1.00000000 0.00000000 19262.10500000 163.52268326
33423 0.49000000 27167.31000000 92.07426170 1.86087270 0.06227048 4269.27600000 47.16339961 4596.02200000 108.68895457 -1.00000000 0.00000000 18609.54100000 165.71763501
32768 0.50000000 26786.91400000 97.09671148 1.92385486 0.06529335 4505.28400000 48.52020986 4176.68000000 104.41270900 -1.00000000 0.00000000 17931.51900000 171.12538102
32113 0.51000000 26372.13100000 104.49385501 1.99334690 0.07009612 4756.36200000 49.79388415 3772.43300000 99.95339203 -1.00000000 0.00000000 17221.84300000 177.29549267
31457 0.52000000 25919.04300000 112.60721642 2.07399879 0.07868008 5024.68000000 51.72710285 3385.41800000 94.71991587 -1.00000000 0.00000000 16481.46900000 182.19585224
30802 0.53000000 25421.98400000 123.52583376 2.16097551 0.08602697 5314.05200000 55.77736465 3019.47400000 87.10991986 -1.00000000 0.00000000 15713.76600000 187.80494752
30147 0.54000000 24871.30900000 136.10274764 2.25530009 0.09304155 5631.61500000 61.88133568 2681.70300000 77.82800595 -1.00000000 0.00000000 14919.08500000 192.23302819
29491 0.55000000 24274.34600000 145.16189404 2.36026332 0.10457410 5973.76200000 63.66054212 2368.51400000 73.65366447 -1.00000000 0.00000000 14097.19000000 193.58666142
28836 0.56000000 23633.07100000 154.96910499 2.47954211 0.11492406 6330.24400000 63.63977896 2069.66700000 71.11489186 -1.00000000 0.00000000 13235.84100000 207.15264647
28180 0.57000000 22939.22900000 164.62540725 2.61702921 0.13160774 6700.90200000 63.60620230 1784.99100000 67.89244330 -1.00000000 0.00000000 12339.98000000 213.89468599
27525 0.58000000 22178.86300000 177.55369543 2.78174583 0.15057691 7089.23400000 62.80388266 1517.99200000 65.86932376 -1.00000000 0.00000000 11413.36100000 221.36949005
26870 0.59000000 21344.45900000 195.34545376 2.98454746 0.17391000 7494.14400000 63.06911316 1267.59300000 62.41377171 -1.00000000 0.00000000 10468.22700000 235.03777940
26214 0.60000000 20431.73900000 218.58189926 3.21908730 0.20872834 7918.28800000 63.51592307 1036.37200000 58.96272786 -1.00000000 0.00000000 9498.09500000 244.38153001
25559 0.61000000 19411.86900000 249.65439025 3.51997989 0.24635650 8362.55700000 64.00045591 825.33000000 54.29541324 -1.00000000 0.00000000 8508.66000000 258.13755228
24904 0.62000000 18280.51900000 281.18618068 3.89309967 0.29895093 8828.58200000 64.37145054 636.06100000 49.61563715 -1.00000000 0.00000000 7502.07600000 263.57807489
24248 0.63000000 17011.40800000 319.63433193 4.39468678 0.39690811 9318.36900000 65.82279319 470.46400000 43.34287213 -1.00000000 0.00000000 6482.26300000 277.34470220
23593 0.64000000 15566.57800000 370.41743321 5.07705985 0.55159877 9832.79700000 67.45637722 329.55300000 36.28176991 -1.00000000 0.00000000 5459.80000000 280.94069974
22938 0.65000000 13935.63000000 446.19950527 6.00977756 0.82808124 10373.56600000 69.68003426 215.00700000 29.26890189 -1.00000000 0.00000000 4440.91400000 281.74549270
22282 0.66000000 12087.14500000 523.40042871 7.40054521 1.33707802 10941.18400000 71.98331962 127.29200000 22.69352850 -1.00000000 0.00000000 3444.82300000 278.25039083
21627 0.67000000 9984.18500000 627.80861346 9.76525313 2.53185313 11534.91900000 74.28538396 65.71300000 15.87803017 -1.00000000 0.00000000 2502.62300000 270.93530864
20972 0.68000000 7722.72300000 749.26288428 13.81751588 6.68663137 12153.99300000 75.88698725 29.43400000 10.13380054 -1.00000000 0.00000000 1648.81700000 251.61564847
20316 0.69000000 5201.85600000 1123.28703751 25.74345800 23.46080630 12790.97700000 75.66332642 11.08500000 5.70114246 -1.00000000 0.00000000 964.64500000 221.21344108
19661 0.70000000 2602.52800000 1133.38808802 37.55649691 21.38743375 13439.00400000 74.28983700 3.77900000 2.66324394 -1.00000000 0.00000000 458.35000000 192.16175508
19005 0.71000000 1096.81500000 598.96105233 29.75067601 9.22239503 14092.21100000 72.04856403 1.65600000 1.36302963 -1.00000000 0.00000000 149.34600000 126.72031442
18350 0.72000000 525.59200000 261.74589706 19.58300105 3.99748867 14746.89900000 69.57643917 1.02300000 1.01517193 -1.00000000 0.00000000 37.44500000 48.55274155
17695 0.73000000 307.56700000 136.15385157 13.31516878 1.82296272 15401.93900000 67.04600507 0.74300000 0.85850143 -1.00000000 0.00000000 12.94900000 19.23115656
17039 0.74000000 199.75100000 76.91575003 9.79956992 0.98712017 16057.08900000 64.50830343 0.55600000 0.73818595 -1.00000000 0.00000000 6.73200000 10.61929625
16384 0.75000000 141.45100000 47.52110504 7.64212802 0.56181852 16712.32100000 61.99571200 0.42400000 0.64363454 -1.00000000 0.00000000 4.30700000 7.58449098
15729 0.76000000 104.55400000 30.74452157 6.19113411 0.34442885 17367.55500000 59.47255395 0.34000000 0.57830221 -1.00000000 0.00000000 2.94000000 5.92097169
15073 0.77000000 80.06700000 21.62399757 5.17975279 0.23335000 18022.81800000 56.93145875 0.27400000 0.52244741 -1.00000000 0.00000000 1.97200000 4.10059721
14418 0.78000000 63.78600000 16.22105164 4.43187902 0.16282009 18678.08700000 54.39526924 0.22000000 0.47076763 -1.00000000 0.00000000 1.43900000 3.22386698
13763 0.79000000 51.69100000 12.36142385 3.86753133 0.11463883 19333.40200000 51.86996670 0.18200000 0.42295850 -1.00000000 0.00000000 1.04400000 2.52243935
13107 0.80000000 43.86200000 10.24497203 3.44450725 0.08175744 19988.69700000 49.35675030 0.15300000 0.38936636 -1.00000000 0.00000000 0.82900000 2.20141855
12452 0.81000000 38.15900000 8.82221640 3.12862327 0.06344707 20643.99300000 46.82217618 0.12600000 0.35232998 -1.00000000 0.00000000 0.70000000 2.02790809
11796 0.82000000 33.46400000 7.06439626 2.86016998 0.05059438 21299.29800000 44.30328965 0.10800000 0.32916080 -1.00000000 0.00000000 0.53900000 1.67414434
11141 0.83000000 29.51100000 6.27676818 2.62444017 0.04055377 21954.61400000 41.74838077 0.08800000 0.29709397 -1.00000000 0.00000000 0.45900000 1.57751953
10486 0.84000000 25.86800000 5.20416029 2.41587886 0.03252987 22609.92400000 39.22060746 0.07300000 0.26772779 -1.00000000 0.00000000 0.37100000 1.41617780
9830 0.85000000 22.75900000 4.41484633 2.23114078 0.02713653 23265.24200000 36.71000134 0.05400000 0.23041117 -1.00000000 0.00000000 0.31300000 1.32559674
9175 0.86000000 19.98100000 3.68048823 2.06719753 0.02176344 23920.57400000 34.17120558 0.04100000 0.20328092 -1.00000000 0.00000000 0.23300000 1.19031621
8520 0.87000000 17.49300000 2.99714018 1.92228454 0.01732123 24575.81900000 31.65006180 0.02900000 0.17367215 -1.00000000 0.00000000 0.15400000 0.79015596
7864 0.88000000 15.24500000 2.49030021 1.79298035 0.01419159 25231.21600000 29.09958801 0.02200000 0.14669067 -1.00000000 0.00000000 0.10400000 0.63657248
7209 0.89000000 13.50200000 2.13879720 1.67993658 0.01087493 25886.53400000 26.57753714 0.02000000 0.14000700 -1.00000000 0.00000000 0.07900000 0.54109914
6554 0.90000000 12.24500000 1.91398572 1.58573151 0.00820777 26541.86200000 24.03881741 0.02000000 0.14000700 -1.00000000 0.00000000 0.07000000 0.49912415
5898 0.91000000 11.16900000 1.70197787 1.50121939 0.00680365 27197.19700000 21.50852047 0.01500000 0.12155854 -1.00000000 0.00000000 0.07000000 0.49912415
5243 0.92000000 10.09800000 1.52138998 1.42203802 0.00546623 27852.51900000 18.97845244 0.01300000 0.11327967 -1.00000000 0.00000000 0.05100000 0.42001981
4588 0.93000000 8.93600000 1.36091484 1.34812543 0.00439125 28507.83300000 16.45552155 0.00700000 0.08337683 -1.00000000 0.00000000 0.04300000 0.37837193
3932 0.94000000 7.82000000 1.12237515 1.27952462 0.00345239 29163.17500000 13.91724628 0.00500000 0.07053721 -1.00000000 0.00000000 0.02300000 0.27654773
3277 0.95000000 6.78900000 0.92550778 1.21688852 0.00238359 29818.50600000 11.39986665 0.00100000 0.03160854 -1.00000000 0.00000000 0.01600000 0.22748445
2621 0.96000000 6.04700000 0.80799523 1.16237122 0.00166124 30473.83400000 8.86353768 0.00100000 0.03160854 -1.00000000 0.00000000 0.00400000 0.12643417
1966 0.97000000 5.26300000 0.68983954 1.11125194 0.00111438 31129.15600000 6.33921782 0.00000000 0.00000000 -1.00000000 0.00000000 0.00400000 0.12643417
1311 0.98000000 4.23200000 0.53870680 1.06330908 0.00058822 31784.49200000 3.80386421 0.00000000 0.00000000 -1.00000000 0.00000000 0.00000000 0.00000000
655 0.99000000 3.12100000 0.34113141 1.02023142 0.00017086 32439.82000000 1.30068027 0.00000000 0.00000000 -1.00000000 0.00000000 0.00000000 0.00000000
0 1.00000000 1.00000000 0.00000000 1.00000000 0.00000000 32768.00000000 0.00000000 0.00000000 0.00000000 -1.00000000 0.00000000 0.00000000 0.00000000
