# Link Removal Percolation Results (Averaged)
# N=1024 M=2048
# M_graphs=5 M_realizations=2 Total_runs=10
# Output_samples=100
# Columns:
#(1) edges_remaining (2) frac_removed
#(3) gc_mean (4) gc_std
#(5) small_mean (6) small_std
#(7) comp_mean (8) comp_std
#(9) cycles_mean (10) cycles_std
#(11) lambda1_mean (12) lambda1_std
#(13) core_mean (14) core_std
2048 0.00000000 1005.40000000 5.05964426 1.08262940 0.04893523 18.80000000 4.77958622 1053.80000000 28.93978423 -1.00000000 0.00000000 930.60000000 12.30356768
2028 0.01000000 1005.30000000 5.10010893 1.08215321 0.04877031 18.90000000 4.81779110 1033.30000000 28.31587698 -1.00000000 0.00000000 928.30000000 11.71940461
2007 0.02000000 1004.90000000 5.23768397 1.08102466 0.04862688 19.30000000 4.96767328 1013.10000000 28.16400382 -1.00000000 0.00000000 924.30000000 12.41012132
1987 0.03000000 1004.80000000 5.32916504 1.08066234 0.04859126 19.40000000 5.05964426 992.40000000 28.07608710 -1.00000000 0.00000000 920.80000000 10.19585973
1966 0.04000000 1004.60000000 5.56177430 1.08002131 0.04859439 19.60000000 5.29570056 971.80000000 27.82405035 -1.00000000 0.00000000 917.20000000 10.07527226
1946 0.05000000 1004.30000000 5.67744074 1.07842791 0.04728143 19.90000000 5.40473044 951.70000000 27.50373712 -1.00000000 0.00000000 913.10000000 10.71292055
1925 0.06000000 1004.00000000 5.29150262 1.07842791 0.04728143 20.20000000 5.05085251 931.20000000 27.56326057 -1.00000000 0.00000000 908.80000000 11.63137519
1905 0.07000000 1003.90000000 5.34270011 1.07803265 0.04718192 20.30000000 5.10010893 910.70000000 27.44712088 -1.00000000 0.00000000 903.80000000 11.11355529
1884 0.08000000 1003.60000000 5.39958846 1.07739162 0.04714543 20.60000000 5.16827932 890.40000000 27.43153092 -1.00000000 0.00000000 899.30000000 12.01896649
1864 0.09000000 1002.70000000 5.53875237 1.09326821 0.07228983 21.30000000 5.29255242 870.50000000 26.91653767 -1.00000000 0.00000000 895.80000000 12.55034307
1843 0.10000000 1002.20000000 4.98442017 1.11253292 0.08672085 21.60000000 4.92612085 849.60000000 26.60492853 -1.00000000 0.00000000 890.10000000 12.84480007
1823 0.11000000 1001.70000000 4.76211904 1.11731809 0.10588892 22.00000000 4.71404521 829.60000000 26.19245014 -1.00000000 0.00000000 886.10000000 12.28775361
1802 0.12000000 1000.60000000 4.55094618 1.16709684 0.19602613 22.80000000 4.73286383 809.60000000 26.14999469 -1.00000000 0.00000000 881.50000000 13.46806923
1782 0.13000000 999.80000000 4.61398839 1.17430007 0.18414910 23.40000000 4.52646539 789.40000000 25.75612117 -1.00000000 0.00000000 876.20000000 12.72617600
1761 0.14000000 999.40000000 4.40201974 1.17072289 0.18043573 23.80000000 4.26354052 769.20000000 25.42876761 -1.00000000 0.00000000 871.40000000 14.37745148
1741 0.15000000 998.30000000 4.69160006 1.18030208 0.16395552 24.70000000 4.52278184 749.50000000 24.86072315 -1.00000000 0.00000000 865.90000000 13.66626016
1720 0.16000000 997.60000000 4.52646539 1.18463414 0.15587694 25.30000000 4.52278184 729.30000000 24.93569508 -1.00000000 0.00000000 860.50000000 13.29369107
1700 0.17000000 996.40000000 5.35827501 1.18372964 0.15025162 26.40000000 5.14673575 709.80000000 24.91229059 -1.00000000 0.00000000 854.60000000 12.34863915
1679 0.18000000 994.90000000 5.36345660 1.18233957 0.14043574 27.80000000 5.22387681 690.40000000 24.72605463 -1.00000000 0.00000000 847.50000000 13.69712054
1659 0.19000000 993.60000000 5.29570056 1.20421904 0.16384439 28.70000000 4.94525586 670.70000000 23.95852898 -1.00000000 0.00000000 841.00000000 13.35830994
1638 0.20000000 992.10000000 5.15213009 1.20724985 0.15244793 30.00000000 4.87624628 651.20000000 24.12836045 -1.00000000 0.00000000 835.30000000 12.58791307
1618 0.21000000 990.70000000 5.49848464 1.21762729 0.16379390 31.10000000 4.99888877 631.90000000 23.81152849 -1.00000000 0.00000000 829.40000000 12.85992915
1597 0.22000000 989.10000000 5.95259047 1.23932543 0.16095580 32.20000000 5.05085251 612.20000000 23.69153623 -1.00000000 0.00000000 821.40000000 12.98032699
1577 0.23000000 987.50000000 6.45066749 1.23418178 0.13980528 33.70000000 5.47823978 593.10000000 23.54404855 -1.00000000 0.00000000 813.50000000 14.09688697
1556 0.24000000 986.60000000 7.24492159 1.24080633 0.14758863 34.30000000 5.75519089 572.90000000 23.31165660 -1.00000000 0.00000000 806.00000000 14.71205099
1536 0.25000000 985.20000000 7.20802022 1.23619889 0.13938517 35.60000000 5.64111888 553.60000000 22.62839907 -1.00000000 0.00000000 799.10000000 15.22023507
1516 0.26000000 983.40000000 6.55235327 1.24507591 0.12930485 37.10000000 5.40473044 534.50000000 21.59861107 -1.00000000 0.00000000 791.20000000 14.52048362
1495 0.27000000 980.60000000 7.26024181 1.27703585 0.15681708 39.30000000 5.63816361 515.90000000 21.52233981 -1.00000000 0.00000000 781.70000000 13.89684217
1475 0.28000000 977.70000000 6.96100248 1.28340310 0.17672234 41.70000000 5.33437490 497.70000000 20.23775350 -1.00000000 0.00000000 772.20000000 15.32463521
1454 0.29000000 975.20000000 6.52856969 1.30496358 0.17223316 43.50000000 5.38000413 478.70000000 19.25876424 -1.00000000 0.00000000 763.00000000 14.96662955
1434 0.30000000 971.20000000 8.39047079 1.34667842 0.15294409 46.20000000 6.46013416 460.60000000 19.09159210 -1.00000000 0.00000000 753.10000000 13.15252405
1413 0.31000000 968.70000000 7.97287067 1.34366754 0.12037029 48.30000000 6.58364978 441.90000000 18.60973461 -1.00000000 0.00000000 744.10000000 14.88810114
1393 0.32000000 964.90000000 7.17170366 1.36428180 0.13227834 51.20000000 6.06996247 424.20000000 18.06654367 -1.00000000 0.00000000 735.20000000 14.32014898
1372 0.33000000 961.70000000 7.34922520 1.39999636 0.09315548 53.50000000 6.25832779 405.70000000 17.58819048 -1.00000000 0.00000000 723.80000000 15.97080670
1352 0.34000000 957.80000000 7.03641323 1.42752681 0.14675868 56.40000000 6.25744002 388.00000000 17.04894914 -1.00000000 0.00000000 712.60000000 17.03721417
1331 0.35000000 952.80000000 8.39047079 1.42548918 0.14359484 60.40000000 7.60409247 371.20000000 16.95615260 -1.00000000 0.00000000 701.70000000 17.76419620
1311 0.36000000 948.50000000 9.38379217 1.42540144 0.14891504 63.80000000 8.27042925 354.40000000 16.58111375 -1.00000000 0.00000000 692.20000000 15.73954680
1290 0.37000000 944.10000000 9.65459016 1.44128251 0.19474940 66.90000000 8.47807630 336.50000000 15.00555453 -1.00000000 0.00000000 677.30000000 12.45480719
1270 0.38000000 939.40000000 10.45838313 1.47076687 0.20101432 70.20000000 8.82924434 319.20000000 15.07610324 -1.00000000 0.00000000 664.80000000 14.28130091
1249 0.39000000 935.80000000 9.54288566 1.49915048 0.19893239 72.80000000 8.72798819 301.20000000 14.54342158 -1.00000000 0.00000000 652.70000000 13.24176893
1229 0.40000000 928.00000000 9.68389270 1.54524311 0.17913312 77.90000000 9.12201245 285.50000000 14.10476673 -1.00000000 0.00000000 633.40000000 12.79930554
1208 0.41000000 922.10000000 9.14634110 1.56767291 0.17245183 82.00000000 8.88194173 268.80000000 14.00634777 -1.00000000 0.00000000 621.90000000 14.89556235
1188 0.42000000 916.30000000 10.08904797 1.58204689 0.16325911 86.00000000 9.58007191 252.40000000 13.81786284 -1.00000000 0.00000000 606.90000000 16.40088074
1167 0.43000000 907.50000000 7.02772288 1.67703722 0.25363322 90.70000000 8.83238989 236.10000000 14.35618334 -1.00000000 0.00000000 590.60000000 16.31767957
1147 0.44000000 897.70000000 10.88372894 1.73737443 0.20909834 96.60000000 9.08233940 221.40000000 14.69088909 -1.00000000 0.00000000 575.90000000 16.84867288
1126 0.45000000 890.40000000 11.83403754 1.73547499 0.20026903 102.10000000 10.35427985 206.30000000 14.32208861 -1.00000000 0.00000000 562.20000000 17.73759347
1106 0.46000000 884.30000000 10.85305896 1.70266637 0.19300208 107.70000000 10.16584696 191.30000000 13.14069168 -1.00000000 0.00000000 546.80000000 18.25620138
1085 0.47000000 876.10000000 11.49347641 1.71974420 0.18864830 113.40000000 10.22198067 176.00000000 13.51542329 -1.00000000 0.00000000 528.00000000 18.51725922
1065 0.48000000 861.10000000 10.96914866 1.85701825 0.14710735 120.70000000 9.12931785 162.90000000 12.81015222 -1.00000000 0.00000000 506.70000000 19.20098377
1044 0.49000000 850.70000000 10.95495829 1.87258014 0.15446706 128.10000000 8.90006242 149.50000000 12.10371844 -1.00000000 0.00000000 489.70000000 17.98795894
1024 0.50000000 842.10000000 9.25502866 1.86072766 0.15465567 134.20000000 9.06519596 134.80000000 12.03513375 -1.00000000 0.00000000 470.80000000 14.97998665
1004 0.51000000 826.90000000 10.71292055 1.91248105 0.15121057 142.60000000 8.82169044 122.40000000 11.18729438 -1.00000000 0.00000000 450.90000000 16.51564914
983 0.52000000 811.80000000 12.69120430 1.97208943 0.17917852 151.30000000 7.83226943 110.70000000 9.60381868 -1.00000000 0.00000000 429.30000000 15.63507453
963 0.53000000 793.70000000 22.12113117 2.20877006 0.61659402 160.80000000 8.72798819 99.20000000 8.76609631 -1.00000000 0.00000000 408.20000000 15.53347639
942 0.54000000 777.60000000 23.92674004 2.20392681 0.48685341 170.70000000 8.89506730 88.50000000 6.36396103 -1.00000000 0.00000000 386.90000000 15.15439064
922 0.55000000 760.50000000 27.34247815 2.29342192 0.45312257 180.30000000 10.44615825 77.50000000 5.42115199 -1.00000000 0.00000000 365.20000000 14.48984319
901 0.56000000 738.60000000 26.62580202 2.60841581 0.55394855 190.60000000 11.76813022 67.20000000 4.58984386 -1.00000000 0.00000000 340.50000000 13.61575884
881 0.57000000 713.90000000 29.81591670 2.66215927 0.34394632 202.20000000 12.18195387 57.80000000 3.48966729 -1.00000000 0.00000000 314.40000000 10.75174404
860 0.58000000 689.70000000 29.21966613 2.79670768 0.65533174 214.30000000 12.68463638 49.50000000 4.27525178 -1.00000000 0.00000000 289.90000000 12.31485102
840 0.59000000 663.60000000 30.01184951 2.91307662 0.65954282 226.70000000 13.40024875 41.10000000 4.35762423 -1.00000000 0.00000000 268.80000000 13.22287580
819 0.60000000 629.40000000 27.52857102 3.27415666 0.80422222 239.70000000 13.19974747 33.30000000 3.83115880 -1.00000000 0.00000000 236.90000000 14.03527303
799 0.61000000 600.00000000 33.40325999 3.44211739 1.03420837 253.20000000 12.93402060 26.20000000 4.04969135 -1.00000000 0.00000000 206.60000000 16.13966818
778 0.62000000 560.20000000 28.04282439 3.78501765 0.75796835 268.20000000 11.77379388 20.60000000 3.33999335 -1.00000000 0.00000000 175.90000000 26.08724678
758 0.63000000 505.30000000 40.36789153 5.68474357 2.93205110 284.70000000 11.06596383 16.10000000 2.92308817 -1.00000000 0.00000000 154.00000000 24.84172118
737 0.64000000 461.20000000 49.41389818 5.76124559 2.64377518 300.90000000 10.11544474 12.10000000 2.13177026 -1.00000000 0.00000000 130.10000000 23.85348798
717 0.65000000 410.10000000 39.18460582 6.76109336 2.62717352 318.20000000 10.34730239 8.60000000 2.45854519 -1.00000000 0.00000000 108.10000000 20.84572965
696 0.66000000 348.60000000 37.31904488 8.25317312 7.53529348 336.20000000 10.42219853 6.00000000 1.94365063 -1.00000000 0.00000000 84.30000000 24.43608443
676 0.67000000 290.80000000 62.21968249 7.31321977 4.24532020 355.20000000 11.07349187 4.20000000 1.93218357 -1.00000000 0.00000000 61.00000000 22.89104628
655 0.68000000 214.90000000 78.02058133 10.99425088 7.54119062 374.50000000 10.31988372 2.90000000 1.79195734 -1.00000000 0.00000000 41.60000000 25.59166531
635 0.69000000 173.60000000 72.58282625 9.09063230 4.37148813 394.30000000 9.68446637 1.90000000 1.28668394 -1.00000000 0.00000000 29.30000000 22.78425382
614 0.70000000 134.20000000 73.85691873 8.66793577 3.55777608 414.60000000 9.22797679 1.40000000 0.96609178 -1.00000000 0.00000000 18.20000000 13.53842269
594 0.71000000 93.00000000 47.07440918 9.17979668 3.44969561 435.10000000 8.62103371 1.10000000 0.87559504 -1.00000000 0.00000000 11.20000000 8.92935235
573 0.72000000 73.80000000 34.51183372 7.72446686 2.12428985 455.50000000 7.86341741 0.90000000 0.73786479 -1.00000000 0.00000000 7.80000000 6.95701085
553 0.73000000 58.30000000 19.98360439 6.95865010 1.41991460 476.20000000 8.01110341 0.80000000 0.78881064 -1.00000000 0.00000000 5.50000000 5.19080383
532 0.74000000 45.40000000 12.36662174 5.92674708 1.15098933 496.60000000 7.47142705 0.60000000 0.51639778 -1.00000000 0.00000000 5.00000000 5.47722558
512 0.75000000 37.80000000 13.12165301 4.96313903 0.58264835 517.00000000 7.10242525 0.40000000 0.51639778 -1.00000000 0.00000000 2.90000000 3.07137320
492 0.76000000 31.80000000 9.76160278 4.47526232 0.55710786 537.50000000 6.50213640 0.10000000 0.31622777 -1.00000000 0.00000000 1.20000000 2.09761770
471 0.77000000 26.80000000 10.94227277 4.02485216 0.50669415 558.10000000 6.34997813 0.10000000 0.31622777 -1.00000000 0.00000000 0.30000000 0.94868330
451 0.78000000 24.00000000 8.96908270 3.65827526 0.40870811 578.90000000 6.04520012 0.10000000 0.31622777 -1.00000000 0.00000000 0.30000000 0.94868330
430 0.79000000 22.70000000 8.66730767 3.29897336 0.35122194 599.30000000 5.77446486 0.10000000 0.31622777 -1.00000000 0.00000000 0.30000000 0.94868330
410 0.80000000 20.50000000 7.33712023 3.00547870 0.25427378 620.10000000 5.76290822 0.10000000 0.31622777 -1.00000000 0.00000000 0.30000000 0.94868330
389 0.81000000 18.80000000 7.68548415 2.69930822 0.18457164 640.70000000 5.31350481 0.10000000 0.31622777 -1.00000000 0.00000000 0.30000000 0.94868330
369 0.82000000 16.50000000 5.91138262 2.47354668 0.11634410 661.50000000 5.01663898 0.10000000 0.31622777 -1.00000000 0.00000000 0.30000000 0.94868330
348 0.83000000 13.70000000 3.59165700 2.31705866 0.10219164 682.10000000 4.86369772 0.10000000 0.31622777 -1.00000000 0.00000000 0.30000000 0.94868330
328 0.84000000 12.00000000 3.52766841 2.13813020 0.09567209 702.80000000 4.63800723 0.00000000 0.00000000 -1.00000000 0.00000000 0.30000000 0.94868330
307 0.85000000 9.90000000 3.24722103 1.99493099 0.07401054 723.40000000 4.19523539 0.00000000 0.00000000 -1.00000000 0.00000000 0.00000000 0.00000000
287 0.86000000 9.10000000 2.72641401 1.86936470 0.07042947 744.00000000 3.88730126 0.00000000 0.00000000 -1.00000000 0.00000000 0.00000000 0.00000000
266 0.87000000 8.60000000 2.22111083 1.76274470 0.05995597 764.80000000 3.73571353 0.00000000 0.00000000 -1.00000000 0.00000000 0.00000000 0.00000000
246 0.88000000 7.50000000 1.95789002 1.66627611 0.05005639 785.60000000 3.43834586 0.00000000 0.00000000 -1.00000000 0.00000000 0.00000000 0.00000000
225 0.89000000 7.00000000 1.82574186 1.58119107 0.04956980 806.00000000 2.98142397 0.00000000 0.00000000 -1.00000000 0.00000000 0.00000000 0.00000000
205 0.90000000 6.30000000 1.70293864 1.49761138 0.02277453 827.20000000 2.69979423 0.00000000 0.00000000 -1.00000000 0.00000000 0.00000000 0.00000000
184 0.91000000 5.40000000 0.69920590 1.43118960 0.02633921 847.80000000 2.25092574 0.00000000 0.00000000 -1.00000000 0.00000000 0.00000000 0.00000000
164 0.92000000 5.20000000 0.63245553 1.36592239 0.01057740 868.40000000 1.95505044 0.00000000 0.00000000 -1.00000000 0.00000000 0.00000000 0.00000000
143 0.93000000 4.90000000 0.56764621 1.30458279 0.00910980 889.00000000 2.00000000 0.00000000 0.00000000 -1.00000000 0.00000000 0.00000000 0.00000000
123 0.94000000 4.30000000 0.48304589 1.25262195 0.00767338 909.80000000 1.68654809 0.00000000 0.00000000 -1.00000000 0.00000000 0.00000000 0.00000000
102 0.95000000 4.30000000 0.48304589 1.19809617 0.00579754 930.20000000 1.22927259 0.00000000 0.00000000 -1.00000000 0.00000000 0.00000000 0.00000000
82 0.96000000 4.20000000 0.42163702 1.14904828 0.00469365 951.00000000 0.94280904 0.00000000 0.00000000 -1.00000000 0.00000000 0.00000000 0.00000000
61 0.97000000 3.60000000 0.51639778 1.10309654 0.00371002 971.80000000 0.78881064 0.00000000 0.00000000 -1.00000000 0.00000000 0.00000000 0.00000000
41 0.98000000 3.00000000 0.00000000 1.05915769 0.00180007 992.40000000 0.51639778 0.00000000 0.00000000 -1.00000000 0.00000000 0.00000000 0.00000000
20 0.99000000 2.30000000 0.48304589 1.01918345 0.00081888 1013.00000000 0.00000000 0.00000000 0.00000000 -1.00000000 0.00000000 0.00000000 0.00000000
0 1.00000000 1.00000000 0.00000000 1.00000000 0.00000000 1024.00000000 0.00000000 0.00000000 0.00000000 -1.00000000 0.00000000 0.00000000 0.00000000
