# Link Removal Percolation Results (Averaged)
# N=2097152 M=4194304
# M_graphs=1000 M_realizations=10 Total_runs=10000
# Columns:
#(1) edges_remaining (2) frac_removed
#(3) gc_mean (4) gc_std
#(5) small_mean (6) small_std
#(7) comp_mean (8) comp_std
#(9) cycles_mean (10) cycles_std
#(11) lambda1_mean (12) lambda1_std
#(13) core_mean (14) core_std
4194304 0.00000000 2055554.44400000 222.56452179 1.08627176 0.00243277 39946.81400000 208.41397516 2116145.12300000 2005.93307132 -1.00000000 0.00000000 1892551.44400000 523.36241906
4152361 0.01000000 2055554.44400000 222.56452179 1.08627176 0.00243277 39946.81400000 208.41397516 2074201.91100000 1985.11052827 -1.00000000 0.00000000 1892551.44400000 523.36241906
4110418 0.02000000 2055554.43900000 222.56411606 1.08627223 0.00243292 39946.81500000 208.41381530 2032258.69700001 1964.28100413 -1.00000000 0.00000000 1892551.43600000 523.36209329
4068475 0.03000000 2055554.43900000 222.56411606 1.08627223 0.00243292 39946.81500000 208.41381530 1990315.49400000 1943.47296217 -1.00000000 0.00000000 1892551.40500001 523.36667858
4026532 0.04000000 2055554.42600000 222.55916468 1.08627326 0.00243264 39946.81800000 208.41253430 1948372.26600000 1922.66417790 -1.00000000 0.00000000 1892551.28700000 523.35144817
3984589 0.05000000 2055554.41300000 222.57432998 1.08627429 0.00243303 39946.82100000 208.41586954 1906429.06399999 1901.87567076 -1.00000000 0.00000000 1892551.00400000 523.35844924
3942646 0.06000000 2055554.38700000 222.58087846 1.08627697 0.00243444 39946.82600000 208.41793955 1864485.85100000 1881.03763361 -1.00000000 0.00000000 1892550.73500000 523.36894470
3900703 0.07000000 2055554.36400000 222.57788209 1.08627900 0.00243352 39946.83100000 208.41815240 1822542.65400001 1860.23610494 -1.00000000 0.00000000 1892549.84400000 523.38507894
3858760 0.08000000 2055554.33400001 222.56438155 1.08628187 0.00243532 39946.83700000 208.41492295 1780599.43300000 1839.44171424 -1.00000000 0.00000000 1892548.77700000 523.38524863
3816817 0.09000000 2055554.20600001 222.58745266 1.08629410 0.00243651 39946.86400000 208.42001678 1738656.24400000 1818.62658254 -1.00000000 0.00000000 1892548.01800000 523.44580735
3774874 0.10000000 2055554.09100000 222.57790279 1.08630416 0.00243774 39946.88900000 208.41785547 1696713.05700000 1797.84844012 -1.00000000 0.00000000 1892544.14900000 523.55559384
3732931 0.11000000 2055554.00500000 222.60549476 1.08631247 0.00244050 39946.90700000 208.42333454 1654769.85900000 1777.01863542 -1.00000000 0.00000000 1892539.85200000 523.42375313
3690988 0.12000000 2055553.79400001 222.64216698 1.08633139 0.00244721 39946.95300000 208.42859458 1612826.76900000 1756.24804978 -1.00000000 0.00000000 1892536.10400000 523.43231781
3649044 0.13000000 2055553.22400000 222.71615584 1.08637948 0.00245164 39947.08300000 208.44119287 1570883.58400000 1735.44593353 -1.00000000 0.00000000 1892529.00200000 523.63989140
3607101 0.14000000 2055552.69100000 222.70419223 1.08642646 0.00245225 39947.20000000 208.44111583 1528940.50800000 1714.67409926 -1.00000000 0.00000000 1892510.75200000 523.56241104
3565158 0.15000000 2055552.35900000 222.75844822 1.08645849 0.00245845 39947.26900000 208.45164871 1486997.35700000 1693.89152970 -1.00000000 0.00000000 1892494.70400000 523.84056284
3523215 0.16000000 2055551.92000000 222.75817318 1.08650157 0.00246464 39947.35700000 208.45049943 1445054.23700000 1673.12597908 -1.00000000 0.00000000 1892480.67900000 523.97313743
3481272 0.17000000 2055551.19500001 222.72483833 1.08656743 0.00246692 39947.51200000 208.44366801 1403111.18700000 1652.34890012 -1.00000000 0.00000000 1892468.18600000 524.07731978
3439329 0.18000000 2055547.69500000 222.90494529 1.08684786 0.00248437 39948.33600000 208.48055909 1361168.79200000 1631.55104199 -1.00000000 0.00000000 1892450.43400000 524.53538239
3397386 0.19000000 2055544.49700000 222.84925436 1.08711206 0.00251848 39949.07200000 208.45476285 1319226.32500000 1610.77630148 -1.00000000 0.00000000 1892349.85100000 525.50788638
3355443 0.20000000 2055541.24400001 222.84257750 1.08738607 0.00254798 39949.80900000 208.44294991 1277283.84400000 1590.01235769 -1.00000000 0.00000000 1892252.78200001 526.35421852
3313500 0.21000000 2055537.80000000 222.86678299 1.08768456 0.00255869 39950.57000000 208.45394792 1235341.38600000 1569.21094290 -1.00000000 0.00000000 1892158.64100000 527.28820146
3271557 0.22000000 2055528.75300000 222.97912001 1.08840368 0.00259866 39952.71200000 208.50294579 1193400.31700000 1548.42796391 -1.00000000 0.00000000 1892064.66899999 527.43826990
3229614 0.23000000 2055511.07999999 222.97742822 1.08972779 0.00265539 39957.06500000 208.49367793 1151461.44100000 1527.63067332 -1.00000000 0.00000000 1891865.34300000 530.45918038
3187671 0.24000000 2055494.46400001 222.50180541 1.09099195 0.00268711 39961.10400000 208.40080680 1109522.26100000 1506.95883865 -1.00000000 0.00000000 1891468.37900001 534.37648637
3145728 0.25000000 2055478.19000000 223.11989635 1.09224283 0.00276080 39965.02300000 208.53693015 1067582.97800000 1486.09700489 -1.00000000 0.00000000 1891089.97700000 537.20558956
3103785 0.26000000 2055462.47100000 223.01759761 1.09347770 0.00284943 39968.75100000 208.50770860 1025643.49300000 1465.34229338 -1.00000000 0.00000000 1890726.97500000 539.43355034
3061842 0.27000000 2055446.98299999 223.00974877 1.09470277 0.00294433 39972.39600000 208.47600679 983703.94000000 1444.45523485 -1.00000000 0.00000000 1890374.21400000 540.67025500
3019899 0.28000000 2055431.09600000 223.39600570 1.09596567 0.00299886 39976.11900000 208.52202038 941764.43500000 1423.76839599 -1.00000000 0.00000000 1890029.26000000 542.33045520
2977956 0.29000000 2055415.83000001 223.09458581 1.09717989 0.00307423 39979.67700000 208.43279275 899824.77900000 1402.99535272 -1.00000000 0.00000000 1889685.75100000 545.28268111
2936013 0.30000000 2055398.47800000 223.34561523 1.09858997 0.00314823 39983.66700000 208.47117819 857885.53700000 1382.23150414 -1.00000000 0.00000000 1889337.52800000 547.30895290
2894070 0.31000000 2055337.41100000 224.71672799 1.10261895 0.00335581 40000.42100000 208.74784149 815959.09600000 1360.69766833 -1.00000000 0.00000000 1888974.36500000 548.96305141
2852127 0.32000000 2055184.19800000 226.49216469 1.11224816 0.00385087 40043.81100000 208.82120081 774059.28600000 1340.10898714 -1.00000000 0.00000000 1887696.62800000 581.48525530
2810184 0.33000000 2055022.19100001 228.20173558 1.12285152 0.00434028 40088.43700000 209.00903451 732160.68100000 1318.95107583 -1.00000000 0.00000000 1884486.34300000 595.37036367
2768241 0.34000000 2054848.46100000 230.40221569 1.13467697 0.00477966 40134.95300000 209.36486371 690263.98800000 1297.76557259 -1.00000000 0.00000000 1881157.19899999 610.84631842
2726298 0.35000000 2054653.48300000 234.69086836 1.14858474 0.00549369 40185.36500000 209.96536934 648371.17900000 1276.98845998 -1.00000000 0.00000000 1877673.79000000 628.27285679
2684355 0.36000000 2054329.32700000 243.84823204 1.17263748 0.00666137 40266.40100000 211.66914887 606509.00800000 1252.32865840 -1.00000000 0.00000000 1873942.93200000 644.76703221
2642412 0.37000000 2053451.85300000 251.46066618 1.22738336 0.00812674 40512.93100000 212.47319060 564812.38400000 1230.04545271 -1.00000000 0.00000000 1868982.39800000 753.22675381
2600468 0.38000000 2052465.13200000 261.86476642 1.29244522 0.00971113 40776.80000000 213.61692634 523132.96200000 1207.31299464 -1.00000000 0.00000000 1856989.88400000 804.27030756
2558525 0.39000000 2051330.92500000 271.01709983 1.37168693 0.01173356 41064.04100000 214.27540856 481476.99100000 1184.74444876 -1.00000000 0.00000000 1843749.16800000 865.70993823
2516582 0.40000000 2050014.06099999 281.31432430 1.46881320 0.01408964 41379.17000000 214.59765217 439848.91900000 1162.59880614 -1.00000000 0.00000000 1829013.65800000 938.06545492
2474639 0.41000000 2048452.90699999 300.68295824 1.59029445 0.01722428 41730.73000000 215.53859698 398257.26700000 1140.28601277 -1.00000000 0.00000000 1812482.08800001 1017.43121187
2432696 0.42000000 2046568.27600000 317.25507861 1.74619279 0.02105358 42126.83800000 215.91509833 356710.16900000 1117.63859366 -1.00000000 0.00000000 1793768.83300000 1111.18237915
2390753 0.43000000 2044241.57700000 349.98648706 1.94907008 0.02633932 42580.80300000 219.05628217 315220.90500000 1093.64575164 -1.00000000 0.00000000 1772311.89500000 1225.17672920
2348810 0.44000000 2041291.43100000 387.33497399 2.21999370 0.03285798 43110.75600000 222.05357742 273807.62700000 1070.42551490 -1.00000000 0.00000000 1747372.85800000 1374.91856920
2306867 0.45000000 2037400.90400000 431.74489592 2.59561960 0.04133252 43747.38500000 224.58811357 232501.05400000 1046.20603219 -1.00000000 0.00000000 1717883.21200000 1547.20820848
2264924 0.46000000 2032033.79700000 496.62043955 3.13748308 0.05299767 44534.99100000 227.48056985 191345.45900000 1020.30974097 -1.00000000 0.00000000 1682180.26800000 1767.16341260
2222981 0.47000000 2024127.16900001 623.89889038 3.97037211 0.07371723 45553.61900000 232.96983353 150420.87700000 987.84445210 -1.00000000 0.00000000 1637698.07400001 2053.31057294
2181038 0.48000000 2011249.11200000 839.43560960 5.37854773 0.11131427 46960.13000000 238.76937027 109884.15100000 955.47239989 -1.00000000 0.00000000 1579788.15300000 2484.36263886
2139095 0.49000000 1986340.36800001 1341.57856568 8.17284264 0.19102141 49139.58600000 255.36670852 70120.39600000 905.52859336 -1.00000000 0.00000000 1499504.94300000 3201.04980682
2097152 0.50000000 1896801.84600000 4039.62961483 14.70144441 0.35187910 57256.60300000 447.10293613 36294.20900000 634.33326508 -1.00000000 0.00000000 1374948.11100001 4667.15434174
2055209 0.51000000 1639168.43600000 9313.27245689 27.62465555 0.77512566 75986.20800000 633.09871279 13080.60300000 415.50091395 -1.00000000 0.00000000 1084094.58600000 9636.16049853
2013266 0.52000000 957761.17800000 25257.75670854 79.90222856 5.11019275 106035.64900000 886.27095373 1186.83000000 124.29028887 -1.00000000 0.00000000 636886.60700000 11329.36418268
1971323 0.53000000 2665.75300000 732.17746918 111.51457873 6.67897849 146793.40800000 972.53000108 1.35600000 1.15991316 -1.00000000 0.00000000 154547.24800000 9982.38184028
1929380 0.54000000 386.63600000 63.56059706 31.88577159 0.51724872 188735.98600000 951.66067672 0.73300000 0.83891679 -1.00000000 0.00000000 30.39500000 45.33899577
1887437 0.55000000 122.12100000 12.64406368 18.24632479 0.14136081 230678.95200000 930.73544713 0.49700000 0.68850447 -1.00000000 0.00000000 7.01800000 11.11530616
1845494 0.56000000 97.64100000 9.48183049 14.74943670 0.06166105 272622.10800000 909.81790442 0.42200000 0.64649656 -1.00000000 0.00000000 3.41300000 5.93565112
1803551 0.57000000 82.71700000 7.98293704 12.35019958 0.04578236 314565.27000000 888.88446530 0.37800000 0.61086276 -1.00000000 0.00000000 2.63700000 4.94729002
1761608 0.58000000 71.79100000 6.64317185 10.54879121 0.03442410 356508.45000000 867.99908856 0.32900000 0.55927657 -1.00000000 0.00000000 2.24200000 4.33443361
1719665 0.59000000 62.77600000 5.84903797 9.14116789 0.02701269 398451.61300000 847.08936794 0.28000000 0.51344558 -1.00000000 0.00000000 1.84900000 3.77619186
1677722 0.60000000 55.54800000 5.12155436 8.00634846 0.02156395 440394.77300000 826.16916610 0.23900000 0.47739061 -1.00000000 0.00000000 1.42700000 2.98421875
1635779 0.61000000 49.38300000 4.96052131 7.07045339 0.01762848 482337.95500000 805.24741497 0.20900000 0.45093163 -1.00000000 0.00000000 1.13000000 2.53569379
1593836 0.62000000 44.31700000 4.27297751 6.28325437 0.01448377 524281.08200000 784.34074886 0.17700000 0.41193200 -1.00000000 0.00000000 0.93600000 2.19417079
1551892 0.63000000 39.84600000 3.89047524 5.61120792 0.01211532 566224.34300000 763.40541794 0.15200000 0.38847277 -1.00000000 0.00000000 0.76400000 1.91589955
1509949 0.64000000 35.90100000 3.32179205 5.03085494 0.01013784 608167.52600000 742.47999096 0.12800000 0.36004022 -1.00000000 0.00000000 0.64000000 1.76485452
1468006 0.65000000 32.30000000 2.92862727 4.52491648 0.00861637 650110.72400000 721.58170975 0.10500000 0.31935121 -1.00000000 0.00000000 0.52400000 1.58419537
1426063 0.66000000 28.80900000 2.64144217 4.08055978 0.00728836 692053.91100000 700.66834286 0.08300000 0.28656450 -1.00000000 0.00000000 0.42700000 1.41593485
1384120 0.67000000 25.60300000 2.25962421 3.68833405 0.00619978 733997.10100000 679.75869983 0.06500000 0.25056192 -1.00000000 0.00000000 0.33300000 1.25469854
1342177 0.68000000 22.46100000 1.94752620 3.34117524 0.00529877 775940.30400000 658.85664814 0.04500000 0.21208371 -1.00000000 0.00000000 0.25600000 1.09297002
1300234 0.69000000 19.52400000 1.74290785 3.03396270 0.00443305 817883.48200000 637.94397789 0.02800000 0.16498097 -1.00000000 0.00000000 0.16100000 0.76885507
1258291 0.70000000 16.47400000 1.52366537 2.76330533 0.00370673 859826.69900000 617.00466763 0.01300000 0.11327967 -1.00000000 0.00000000 0.09900000 0.59433519
1216348 0.71000000 12.76400000 1.12535801 2.52810403 0.00301804 901769.90600000 596.09483479 0.00600000 0.07723080 -1.00000000 0.00000000 0.04400000 0.38740032
1174405 0.72000000 3.00000000 0.00000000 2.33944753 0.00107310 943713.10500000 575.16621562 0.00000000 0.00000000 -1.00000000 0.00000000 0.02000000 0.26001300
1132462 0.73000000 3.00000000 0.00000000 2.25944707 0.00103391 985656.32600000 554.25382945 0.00000000 0.00000000 -1.00000000 0.00000000 0.00000000 0.00000000
1090519 0.74000000 3.00000000 0.00000000 2.17944662 0.00099478 1027599.53900000 533.34365284 0.00000000 0.00000000 -1.00000000 0.00000000 0.00000000 0.00000000
1048576 0.75000000 3.00000000 0.00000000 2.09944620 0.00095569 1069542.74099999 512.42593216 0.00000000 0.00000000 -1.00000000 0.00000000 0.00000000 0.00000000
1006633 0.76000000 3.00000000 0.00000000 2.01944574 0.00091670 1111485.96000000 491.52524463 0.00000000 0.00000000 -1.00000000 0.00000000 0.00000000 0.00000000
964690 0.77000000 3.00000000 0.00000000 1.93944531 0.00087773 1153429.16600001 470.59011459 0.00000000 0.00000000 -1.00000000 0.00000000 0.00000000 0.00000000
922747 0.78000000 2.10200000 0.30266344 1.86002489 0.00047688 1195372.40000000 449.67944267 0.00000000 0.00000000 -1.00000000 0.00000000 0.00000000 0.00000000
880804 0.79000000 2.00000000 0.00000000 1.82000370 0.00040891 1237315.61900000 428.77550149 0.00000000 0.00000000 -1.00000000 0.00000000 0.00000000 0.00000000
838861 0.80000000 2.00000000 0.00000000 1.78000349 0.00038896 1279258.83700000 407.85280289 0.00000000 0.00000000 -1.00000000 0.00000000 0.00000000 0.00000000
796918 0.81000000 2.00000000 0.00000000 1.74000330 0.00036901 1321202.04000000 386.93464337 0.00000000 0.00000000 -1.00000000 0.00000000 0.00000000 0.00000000
754975 0.82000000 2.00000000 0.00000000 1.70000311 0.00034907 1363145.23600000 366.02211070 0.00000000 0.00000000 -1.00000000 0.00000000 0.00000000 0.00000000
713032 0.83000000 2.00000000 0.00000000 1.66000290 0.00032912 1405088.46400000 345.10499047 0.00000000 0.00000000 -1.00000000 0.00000000 0.00000000 0.00000000
671089 0.84000000 2.00000000 0.00000000 1.62000270 0.00030918 1447031.67200000 324.19321791 0.00000000 0.00000000 -1.00000000 0.00000000 0.00000000 0.00000000
629146 0.85000000 2.00000000 0.00000000 1.58000249 0.00028924 1488974.89200000 303.29078929 0.00000000 0.00000000 -1.00000000 0.00000000 0.00000000 0.00000000
587203 0.86000000 2.00000000 0.00000000 1.54000230 0.00026930 1530918.08499999 282.37952758 0.00000000 0.00000000 -1.00000000 0.00000000 0.00000000 0.00000000
545260 0.87000000 2.00000000 0.00000000 1.50000213 0.00024933 1572861.26800000 261.44038954 0.00000000 0.00000000 -1.00000000 0.00000000 0.00000000 0.00000000
503316 0.88000000 2.00000000 0.00000000 1.46000187 0.00022940 1614804.53599999 240.54773960 0.00000000 0.00000000 -1.00000000 0.00000000 0.00000000 0.00000000
461373 0.89000000 2.00000000 0.00000000 1.42000167 0.00020943 1656747.75200000 219.59946013 0.00000000 0.00000000 -1.00000000 0.00000000 0.00000000 0.00000000
419430 0.90000000 2.00000000 0.00000000 1.38000146 0.00018949 1698690.96400000 198.69834626 0.00000000 0.00000000 -1.00000000 0.00000000 0.00000000 0.00000000
377487 0.91000000 2.00000000 0.00000000 1.34000126 0.00016954 1740634.18000001 177.77369870 0.00000000 0.00000000 -1.00000000 0.00000000 0.00000000 0.00000000
335544 0.92000000 2.00000000 0.00000000 1.30000106 0.00014960 1782577.38400000 156.86796773 0.00000000 0.00000000 -1.00000000 0.00000000 0.00000000 0.00000000
293601 0.93000000 2.00000000 0.00000000 1.26000085 0.00012966 1824520.60900000 135.95778231 0.00000000 0.00000000 -1.00000000 0.00000000 0.00000000 0.00000000
251658 0.94000000 2.00000000 0.00000000 1.22000064 0.00010968 1866463.82700000 115.01145958 0.00000000 0.00000000 -1.00000000 0.00000000 0.00000000 0.00000000
209715 0.95000000 2.00000000 0.00000000 1.18000045 0.00008976 1908407.03200000 94.11793025 0.00000000 0.00000000 -1.00000000 0.00000000 0.00000000 0.00000000
167772 0.96000000 2.00000000 0.00000000 1.14000023 0.00006982 1950350.26300000 73.20879581 0.00000000 0.00000000 -1.00000000 0.00000000 0.00000000 0.00000000
125829 0.97000000 2.00000000 0.00000000 1.10000005 0.00004988 1992293.44300000 52.30380789 0.00000000 0.00000000 -1.00000000 0.00000000 0.00000000 0.00000000
83886 0.98000000 2.00000000 0.00000000 1.05999983 0.00002992 2034236.68100000 31.37476178 0.00000000 0.00000000 -1.00000000 0.00000000 0.00000000 0.00000000
41943 0.99000000 2.00000000 0.00000000 1.01999963 0.00000997 2076179.89300000 10.45908649 0.00000000 0.00000000 -1.00000000 0.00000000 0.00000000 0.00000000
0 1.00000000 1.00000000 0.00000000 1.00000000 0.00000000 2097152.00000000 0.00000000 0.00000000 0.00000000 -1.00000000 0.00000000 0.00000000 0.00000000
