# Link Removal Percolation Results (Averaged)
# N=4096 M=8192
# M_graphs=1000 M_realizations=10 Total_runs=10000
# Columns:
#(1) edges_remaining (2) frac_removed
#(3) gc_mean (4) gc_std
#(5) small_mean (6) small_std
#(7) comp_mean (8) comp_std
#(9) cycles_mean (10) cycles_std
#(11) lambda1_mean (12) lambda1_std
#(13) core_mean (14) core_std
8192 0.00000000 4014.73800000 10.17466011 1.08458708 0.05433999 79.06100000 9.64793176 4131.82100000 87.63127800 -1.00000000 0.00000000 3695.82300000 22.87937975
8110 0.01000000 4014.73800000 10.17466011 1.08458708 0.05433999 79.06100000 9.64793176 4049.90800000 86.71795394 -1.00000000 0.00000000 3688.59240000 23.11747183
8028 0.02000000 4014.73800000 10.17466011 1.08458708 0.05433999 79.06100000 9.64793176 3968.02000000 85.82969343 -1.00000000 0.00000000 3673.95810000 23.56025155
7946 0.03000000 4014.73800000 10.17466011 1.08458708 0.05433999 79.06100000 9.64793176 3886.13400000 84.89769612 -1.00000000 0.00000000 3658.74830000 24.03342480
7864 0.04000000 4014.73800000 10.17466011 1.08458708 0.05433999 79.06100000 9.64793176 3804.22700000 83.99075494 -1.00000000 0.00000000 3642.95820000 24.49605802
7782 0.05000000 4014.73800000 10.17466011 1.08458708 0.05433999 79.06100000 9.64793176 3722.33300000 83.08178121 -1.00000000 0.00000000 3626.54040000 25.04432250
7700 0.06000000 4014.73800000 10.17466011 1.08458708 0.05433999 79.06100000 9.64793176 3640.44900000 82.17032673 -1.00000000 0.00000000 3609.50540000 25.58170466
7619 0.07000000 4014.73770000 10.17398888 1.08459708 0.05433363 79.06110000 9.64771862 3558.56810000 81.25128393 -1.00000000 0.00000000 3591.83260000 26.06785243
7537 0.08000000 4014.73770000 10.17398888 1.08459708 0.05433363 79.06110000 9.64771862 3476.65810000 80.33494741 -1.00000000 0.00000000 3573.42040000 26.60920271
7455 0.09000000 4014.73680000 10.17464880 1.08463104 0.05440095 79.06130000 9.64780028 3394.76530000 79.43739954 -1.00000000 0.00000000 3554.36410000 27.08158179
7373 0.10000000 4014.73640000 10.17455980 1.08464586 0.05439808 79.06140000 9.64779446 3312.88440000 78.50548610 -1.00000000 0.00000000 3534.56320000 27.66184599
7291 0.11000000 4014.73590000 10.17481714 1.08466819 0.05441895 79.06150000 9.64785084 3230.99750000 77.60511806 -1.00000000 0.00000000 3513.91880000 28.27696174
7209 0.12000000 4014.73550000 10.17555374 1.08467972 0.05442619 79.06160000 9.64803161 3149.14360000 76.70188718 -1.00000000 0.00000000 3492.62630000 28.89498469
7127 0.13000000 4014.73520000 10.17561965 1.08468661 0.05442601 79.06170000 9.64805688 3067.19170000 75.78118916 -1.00000000 0.00000000 3470.24860000 29.56736412
7045 0.14000000 4014.73520000 10.17561965 1.08468661 0.05442601 79.06170000 9.64805688 2985.31270000 74.87192464 -1.00000000 0.00000000 3446.97750000 30.11430359
6963 0.15000000 4014.73420000 10.17540683 1.08474445 0.05461975 79.06190000 9.64798304 2903.41490000 73.95790921 -1.00000000 0.00000000 3422.82520000 30.75611547
6881 0.16000000 4014.73420000 10.17540683 1.08474445 0.05461975 79.06190000 9.64798304 2821.52090000 73.03933213 -1.00000000 0.00000000 3397.70390000 31.47378726
6799 0.17000000 4014.73390000 10.17576756 1.08475042 0.05462564 79.06200000 9.64808087 2739.66000000 72.13494815 -1.00000000 0.00000000 3371.41530000 32.28007166
6717 0.18000000 4014.73310000 10.17618887 1.08477925 0.05466537 79.06220000 9.64818324 2657.75120000 71.22001775 -1.00000000 0.00000000 3344.13040000 33.08022409
6636 0.19000000 4014.73260000 10.17605289 1.08480378 0.05469416 79.06230000 9.64815668 2575.86030000 70.31144824 -1.00000000 0.00000000 3315.65860000 33.83844190
6554 0.20000000 4014.73260000 10.17605289 1.08480378 0.05469416 79.06230000 9.64815668 2493.95630000 69.41392382 -1.00000000 0.00000000 3286.03900000 34.65183911
6472 0.21000000 4014.73260000 10.17605289 1.08480378 0.05469416 79.06230000 9.64815668 2412.09330000 68.49664498 -1.00000000 0.00000000 3255.05480000 35.46617236
6390 0.22000000 4014.73180000 10.17445923 1.08488907 0.05533263 79.06240000 9.64792281 2330.19640000 67.58501609 -1.00000000 0.00000000 3222.71390000 36.30885677
6308 0.23000000 4014.73080000 10.17463924 1.08491729 0.05533815 79.06270000 9.64800897 2248.28670000 66.67776013 -1.00000000 0.00000000 3188.97520000 37.07307684
6226 0.24000000 4014.73010000 10.17442902 1.08493879 0.05536396 79.06290000 9.64788328 2166.40490000 65.74903383 -1.00000000 0.00000000 3153.74670000 38.01943039
6144 0.25000000 4014.72930000 10.17439794 1.08497003 0.05541259 79.06310000 9.64789234 2084.49410000 64.84813562 -1.00000000 0.00000000 3116.83810000 39.02853073
6062 0.26000000 4014.72780000 10.17544403 1.08503613 0.05557030 79.06340000 9.64800958 2002.62140000 63.92440923 -1.00000000 0.00000000 3078.13150000 40.01527371
5980 0.27000000 4014.72490000 10.17667807 1.08516420 0.05580747 79.06400000 9.64818184 1920.73000000 63.02052411 -1.00000000 0.00000000 3037.72460000 41.02480296
5898 0.28000000 4014.72320000 10.17786523 1.08522801 0.05592516 79.06440000 9.64834502 1838.81640000 62.10822195 -1.00000000 0.00000000 2995.33380000 42.18142606
5816 0.29000000 4014.72180000 10.17909456 1.08528660 0.05606052 79.06470000 9.64848295 1756.95070000 61.20460334 -1.00000000 0.00000000 2950.91720000 43.32750017
5734 0.30000000 4014.72080000 10.18024612 1.08532711 0.05617196 79.06490000 9.64862672 1675.03690000 60.30415572 -1.00000000 0.00000000 2904.15500000 44.58930809
5652 0.31000000 4014.71540000 10.18278801 1.08562791 0.05753147 79.06590000 9.64871323 1593.15290000 59.39883453 -1.00000000 0.00000000 2855.06320000 45.84061891
5571 0.32000000 4014.71310000 10.18430952 1.08585109 0.06055167 79.06620000 9.64867490 1511.26620000 58.46969820 -1.00000000 0.00000000 2803.24720000 47.17461644
5489 0.33000000 4014.70410000 10.19278826 1.08665217 0.06895402 79.06740000 9.64932994 1429.39340000 57.58149355 -1.00000000 0.00000000 2748.73790000 48.52725516
5407 0.34000000 4014.69510000 10.19345509 1.08711984 0.07025312 79.06920000 9.64914100 1347.49820000 56.65753087 -1.00000000 0.00000000 2691.24020000 50.05814505
5325 0.35000000 4014.68790000 10.19682750 1.08786930 0.08093532 79.07020000 9.64897830 1265.59720000 55.75329044 -1.00000000 0.00000000 2630.32680000 51.72377342
5243 0.36000000 4014.68270000 10.20060910 1.08821723 0.08233836 79.07100000 9.64938703 1183.71000000 54.85968518 -1.00000000 0.00000000 2565.76540000 53.54106674
5161 0.37000000 4014.67570000 10.20234965 1.08868352 0.08458435 79.07220000 9.64944031 1101.86920000 53.94163384 -1.00000000 0.00000000 2497.29150000 55.58379335
5079 0.38000000 4014.66770000 10.20416039 1.08912935 0.08568039 79.07370000 9.64952743 1019.91670000 53.03298606 -1.00000000 0.00000000 2424.72230000 57.78663783
4997 0.39000000 4014.64980000 10.20802529 1.09079465 0.09937323 79.07610000 9.64939479 938.01810000 52.14937706 -1.00000000 0.00000000 2346.99460000 60.19268798
4915 0.40000000 4014.63170000 10.22360540 1.09223892 0.10816500 79.07880000 9.65042505 856.14280000 51.24557170 -1.00000000 0.00000000 2263.84730000 63.00435650
4833 0.41000000 4014.60260000 10.23708714 1.09568632 0.14481552 79.08200000 9.65084400 774.25500000 50.32775043 -1.00000000 0.00000000 2174.41890000 66.00041233
4751 0.42000000 4014.57170000 10.25124226 1.09887599 0.16762884 79.08580000 9.65074878 692.35880000 49.41222540 -1.00000000 0.00000000 2077.97600000 69.23584176
4669 0.43000000 4014.51220000 10.27909612 1.10567368 0.21133352 79.09240000 9.64986913 610.49240000 48.51759617 -1.00000000 0.00000000 1973.40020000 73.04187670
4588 0.44000000 4014.44590000 10.31701106 1.11358189 0.25451714 79.09920000 9.64989489 528.59920000 47.62071537 -1.00000000 0.00000000 1859.13620000 77.73242234
4506 0.45000000 4014.32210000 10.40851504 1.13234544 0.38680348 79.10970000 9.65112327 446.72970000 46.70700368 -1.00000000 0.00000000 1733.59800000 83.29504789
4424 0.46000000 4014.15730000 10.55136436 1.15908120 0.56184940 79.12250000 9.65195368 364.83050000 45.81085934 -1.00000000 0.00000000 1594.03480000 90.47047408
4342 0.47000000 4013.78890000 10.96750498 1.23012817 0.89747000 79.14550000 9.65603716 282.96350000 44.89580973 -1.00000000 0.00000000 1436.83570000 99.78706956
4260 0.48000000 4013.07290000 11.94346894 1.40451127 1.78746713 79.18070000 9.65820768 201.10670000 43.99593708 -1.00000000 0.00000000 1255.35390000 112.33937897
4178 0.49000000 4006.50530000 74.81274401 5.11935101 52.29299191 79.27880000 9.69645671 119.31380000 42.96594857 -1.00000000 0.00000000 1038.97650000 132.87845731
4096 0.50000000 3808.86130000 518.36008834 95.84005518 261.27255557 83.41170000 16.67618100 41.56270000 35.95023937 -1.00000000 0.00000000 761.62500000 178.32291294
4014 0.51000000 2710.57830000 916.95727640 365.30273332 340.45025659 126.95420000 39.03518255 3.21420000 10.83988324 -1.00000000 0.00000000 356.10570000 243.76542266
3932 0.52000000 1722.66740000 697.88699573 310.65900368 187.61129440 205.64180000 43.53633005 0.02480000 0.61808022 -1.00000000 0.00000000 34.71440000 103.94884111
3850 0.53000000 1166.83150000 493.27359324 210.15567615 96.85750120 287.52200000 42.70133319 0.00000000 0.00000000 -1.00000000 0.00000000 0.32640000 8.00421575
3768 0.54000000 828.84400000 352.43261361 145.49329977 54.11738733 369.43400000 41.79131842 0.00000000 0.00000000 -1.00000000 0.00000000 0.00000000 0.00000000
3686 0.55000000 612.07870000 256.71392738 103.80607760 32.36191226 451.31400000 40.86336239 0.00000000 0.00000000 -1.00000000 0.00000000 0.00000000 0.00000000
3604 0.56000000 468.12170000 192.59270413 76.52339977 20.94585094 533.21400000 39.94916517 0.00000000 0.00000000 -1.00000000 0.00000000 0.00000000 0.00000000
3523 0.57000000 365.98730000 147.16659179 57.92165434 13.91408579 615.07200000 39.03210431 0.00000000 0.00000000 -1.00000000 0.00000000 0.00000000 0.00000000
3441 0.58000000 292.96960000 114.41762808 45.06316742 9.60123605 696.98700000 38.11246629 0.00000000 0.00000000 -1.00000000 0.00000000 0.00000000 0.00000000
3359 0.59000000 238.30700000 90.63045702 35.66760769 6.75280770 778.87800000 37.17950171 0.00000000 0.00000000 -1.00000000 0.00000000 0.00000000 0.00000000
3277 0.60000000 197.22870000 72.61476218 28.82474751 4.92311906 860.75600000 36.26425201 0.00000000 0.00000000 -1.00000000 0.00000000 0.00000000 0.00000000
3195 0.61000000 165.05140000 59.11653097 23.70410965 3.65444460 942.65700000 35.36628944 0.00000000 0.00000000 -1.00000000 0.00000000 0.00000000 0.00000000
3113 0.62000000 139.75950000 48.92342394 19.76838442 2.79238496 1024.50700000 34.44436953 0.00000000 0.00000000 -1.00000000 0.00000000 0.00000000 0.00000000
3031 0.63000000 119.72530000 40.60265875 16.68170832 2.15255155 1106.45300000 33.51734077 0.00000000 0.00000000 -1.00000000 0.00000000 0.00000000 0.00000000
2949 0.64000000 102.94830000 33.76748512 14.23735172 1.66786278 1188.34100000 32.60845059 0.00000000 0.00000000 -1.00000000 0.00000000 0.00000000 0.00000000
2867 0.65000000 89.71250000 28.76200565 12.29020814 1.32127016 1270.24300000 31.69574755 0.00000000 0.00000000 -1.00000000 0.00000000 0.00000000 0.00000000
2785 0.66000000 78.55770000 24.50687515 10.69367015 1.05083390 1352.14000000 30.75963289 0.00000000 0.00000000 -1.00000000 0.00000000 0.00000000 0.00000000
2703 0.67000000 69.18790000 21.10958444 9.37579797 0.83968686 1433.99900000 29.85853567 0.00000000 0.00000000 -1.00000000 0.00000000 0.00000000 0.00000000
2621 0.68000000 61.16960000 18.23342759 8.28946914 0.68312525 1515.90100000 28.92512516 0.00000000 0.00000000 -1.00000000 0.00000000 0.00000000 0.00000000
2540 0.69000000 54.44110000 15.91482513 7.37468274 0.55864938 1597.78600000 28.00890312 0.00000000 0.00000000 -1.00000000 0.00000000 0.00000000 0.00000000
2458 0.70000000 48.56660000 13.72975656 6.60000033 0.46010095 1679.70000000 27.09788607 0.00000000 0.00000000 -1.00000000 0.00000000 0.00000000 0.00000000
2376 0.71000000 43.56870000 11.92957299 5.94031982 0.38176944 1761.56600000 26.18866603 0.00000000 0.00000000 -1.00000000 0.00000000 0.00000000 0.00000000
2294 0.72000000 39.29070000 10.41177382 5.37285197 0.31814449 1843.46500000 25.25819813 0.00000000 0.00000000 -1.00000000 0.00000000 0.00000000 0.00000000
2212 0.73000000 35.46540000 9.20117759 4.88233766 0.26495648 1925.37200000 24.35230830 0.00000000 0.00000000 -1.00000000 0.00000000 0.00000000 0.00000000
2130 0.74000000 32.09650000 8.01368889 4.45483846 0.22278976 2007.24500000 23.42032934 0.00000000 0.00000000 -1.00000000 0.00000000 0.00000000 0.00000000
2048 0.75000000 29.13360000 7.06407398 4.08097684 0.18731064 2089.15600000 22.51378136 0.00000000 0.00000000 -1.00000000 0.00000000 0.00000000 0.00000000
1966 0.76000000 26.50880000 6.28594256 3.75201144 0.15871804 2171.03800000 21.57547464 0.00000000 0.00000000 -1.00000000 0.00000000 0.00000000 0.00000000
1884 0.77000000 24.16920000 5.66301848 3.45999565 0.13357326 2252.93300000 20.65529412 0.00000000 0.00000000 -1.00000000 0.00000000 0.00000000 0.00000000
1802 0.78000000 22.09090000 5.04261638 3.20278807 0.11327305 2334.84500000 19.74112323 0.00000000 0.00000000 -1.00000000 0.00000000 0.00000000 0.00000000
1720 0.79000000 20.22340000 4.56685647 2.97344581 0.09609130 2416.70800000 18.81781462 0.00000000 0.00000000 -1.00000000 0.00000000 0.00000000 0.00000000
1638 0.80000000 18.54560000 4.13279913 2.76799599 0.08169951 2498.61200000 17.91059840 0.00000000 0.00000000 -1.00000000 0.00000000 0.00000000 0.00000000
1556 0.81000000 17.00780000 3.71590096 2.58366167 0.06982789 2580.50300000 16.99602534 0.00000000 0.00000000 -1.00000000 0.00000000 0.00000000 0.00000000
1475 0.82000000 15.63170000 3.34523156 2.41733063 0.05964331 2662.39700000 16.06571510 0.00000000 0.00000000 -1.00000000 0.00000000 0.00000000 0.00000000
1393 0.83000000 14.35660000 3.01843462 2.26731267 0.05093046 2744.27300000 15.16533777 0.00000000 0.00000000 -1.00000000 0.00000000 0.00000000 0.00000000
1311 0.84000000 13.21040000 2.68377572 2.13088865 0.04350931 2826.16700000 14.23662106 0.00000000 0.00000000 -1.00000000 0.00000000 0.00000000 0.00000000
1229 0.85000000 12.16250000 2.42612497 2.00650069 0.03702101 2908.06500000 13.31715096 0.00000000 0.00000000 -1.00000000 0.00000000 0.00000000 0.00000000
1147 0.86000000 11.20380000 2.18950793 1.89330012 0.03138065 2989.94400000 12.40404168 0.00000000 0.00000000 -1.00000000 0.00000000 0.00000000 0.00000000
1065 0.87000000 10.31980000 1.97886825 1.78955270 0.02662556 3071.79200000 11.47536075 0.00000000 0.00000000 -1.00000000 0.00000000 0.00000000 0.00000000
983 0.88000000 9.50050000 1.79886724 1.69447626 0.02241240 3153.75000000 10.56856989 0.00000000 0.00000000 -1.00000000 0.00000000 0.00000000 0.00000000
901 0.89000000 8.75200000 1.62479537 1.60702853 0.01872805 3235.63700000 9.66087803 0.00000000 0.00000000 -1.00000000 0.00000000 0.00000000 0.00000000
819 0.90000000 8.04530000 1.47907629 1.52651291 0.01560868 3317.51800000 8.72715832 0.00000000 0.00000000 -1.00000000 0.00000000 0.00000000 0.00000000
737 0.91000000 7.36940000 1.33203644 1.45229397 0.01301523 3399.41100000 7.82152138 0.00000000 0.00000000 -1.00000000 0.00000000 0.00000000 0.00000000
655 0.92000000 6.74320000 1.19515547 1.38355056 0.01049072 3481.30600000 6.89587698 0.00000000 0.00000000 -1.00000000 0.00000000 0.00000000 0.00000000
573 0.93000000 6.13920000 1.06721003 1.31984568 0.00843345 3563.20200000 5.97768929 0.00000000 0.00000000 -1.00000000 0.00000000 0.00000000 0.00000000
492 0.94000000 5.58480000 0.94302592 1.26058877 0.00660832 3645.08600000 5.06331588 0.00000000 0.00000000 -1.00000000 0.00000000 0.00000000 0.00000000
410 0.95000000 5.00750000 0.84244568 1.20547825 0.00495393 3726.98000000 4.15178561 0.00000000 0.00000000 -1.00000000 0.00000000 0.00000000 0.00000000
328 0.96000000 4.45640000 0.70806015 1.15407955 0.00360121 3808.88700000 3.24087663 0.00000000 0.00000000 -1.00000000 0.00000000 0.00000000 0.00000000
246 0.97000000 3.90760000 0.64722804 1.10614193 0.00232516 3890.75800000 2.30346838 0.00000000 0.00000000 -1.00000000 0.00000000 0.00000000 0.00000000
164 0.98000000 3.29340000 0.50748615 1.06140079 0.00131107 3972.66100000 1.43048370 0.00000000 0.00000000 -1.00000000 0.00000000 0.00000000 0.00000000
82 0.99000000 2.50810000 0.52911472 1.01958174 0.00037975 4054.57400000 0.56085244 0.00000000 0.00000000 -1.00000000 0.00000000 0.00000000 0.00000000
0 1.00000000 1.00000000 0.00000000 1.00000000 0.00000000 4096.00000000 0.00000000 0.00000000 0.00000000 -1.00000000 0.00000000 0.00000000 0.00000000
