# Link Removal Percolation Results (Averaged)
# N=2097152 M=4194304
# M_graphs=1000 M_realizations=10 Total_runs=10000
# Columns:
#(1) edges_remaining (2) frac_removed
#(3) gc_mean (4) gc_std
#(5) small_mean (6) small_std
#(7) comp_mean (8) comp_std
#(9) cycles_mean (10) cycles_std
#(11) lambda1_mean (12) lambda1_std
#(13) core_mean (14) core_std
4194304 0.00000000 2054670.23360000 217.10387615 1.08766711 0.00245249 40771.09860000 203.53901958 2116909.22360000 2011.44525404 -1.00000000 0.00000000 1892545.69200000 532.09702486
4152361 0.01000000 2052818.91520000 222.25923091 1.09084092 0.00245326 42488.57310000 208.13561805 2076684.08410000 1988.47459620 -1.00000000 0.00000000 1888893.12199999 538.41198358
4110418 0.02000000 2050883.25760000 227.71024447 1.09414916 0.00246769 44279.60350000 212.72624317 2036532.52550000 1965.42816133 -1.00000000 0.00000000 1881384.01930000 549.01464993
4068475 0.03000000 2048857.63940000 233.47051809 1.09758316 0.00249334 46149.06270000 217.63361231 1996459.34570000 1942.45160908 -1.00000000 0.00000000 1873596.12610001 560.41580901
4026532 0.04000000 2046739.19060000 238.61450241 1.10114131 0.00249823 48099.17080000 221.79477658 1956466.83880000 1919.37562220 -1.00000000 0.00000000 1865517.80820000 571.89375487
3984589 0.05000000 2044521.87859999 244.95170217 1.10485007 0.00250791 50134.50650000 226.88417221 1916559.58050000 1895.93456657 -1.00000000 0.00000000 1857138.43290000 581.80155810
3942646 0.06000000 2042202.95680000 251.29142459 1.10867991 0.00253225 52257.47930000 231.94919361 1876739.94830000 1872.90450716 -1.00000000 0.00000000 1848444.98949999 590.76162191
3900703 0.07000000 2039774.47450001 257.76102658 1.11267599 0.00253690 54473.93470000 237.22384735 1837013.81170000 1848.76499665 -1.00000000 0.00000000 1839422.01550000 602.37154997
3858760 0.08000000 2037234.16150000 264.05840358 1.11683426 0.00254369 56785.37190000 242.74777453 1797382.62990000 1824.85665566 -1.00000000 0.00000000 1830059.92390000 614.15056721
3816817 0.09000000 2034573.86260001 271.07470127 1.12115796 0.00255222 59198.48380000 248.66258715 1757853.13580001 1800.94519387 -1.00000000 0.00000000 1820341.48249999 625.44356073
3774874 0.10000000 2031787.82300000 277.20927216 1.12566267 0.00255577 61717.34230000 253.27294970 1718429.36030000 1777.12891463 -1.00000000 0.00000000 1810255.57330000 638.62021876
3732931 0.11000000 2028870.03350000 283.49349910 1.13034455 0.00257579 64346.66800000 257.97492685 1679116.09100000 1752.90556668 -1.00000000 0.00000000 1799783.93390000 652.05199540
3690988 0.12000000 2025813.16880000 291.37032308 1.13522482 0.00260351 67091.63820000 264.04196166 1639918.51220000 1728.78408036 -1.00000000 0.00000000 1788910.31000000 665.32278538
3649044 0.13000000 2022609.36979999 298.17770984 1.14027811 0.00263845 69958.94440000 268.97643417 1600843.13240000 1705.30089737 -1.00000000 0.00000000 1777617.80080000 678.90917602
3607101 0.14000000 2019252.99220000 306.59279615 1.14556682 0.00265197 72951.15060000 275.39716280 1561892.74160000 1680.48959121 -1.00000000 0.00000000 1765888.28530000 693.98020833
3565158 0.15000000 2015732.91520000 313.59556092 1.15107842 0.00267022 76077.06400000 280.68478637 1523076.03899999 1656.33666493 -1.00000000 0.00000000 1753702.50560000 708.01178482
3523215 0.16000000 2012042.93860000 320.95708089 1.15683408 0.00268215 79340.75950000 286.48867488 1484397.13850000 1632.45716733 -1.00000000 0.00000000 1741041.28230000 719.85067695
3481272 0.17000000 2008173.29610000 328.92805048 1.16283962 0.00269945 82749.47220000 292.38724230 1445863.25220000 1608.02050857 -1.00000000 0.00000000 1727881.68120000 735.18028209
3439329 0.18000000 2004114.38180000 336.77736374 1.16910059 0.00271344 86309.90990000 297.73345748 1407481.07290000 1583.92045892 -1.00000000 0.00000000 1714203.57890000 751.98314691
3397386 0.19000000 1999855.55850000 344.67674477 1.17564708 0.00274113 90029.12670000 303.25785131 1369257.66269999 1560.07760260 -1.00000000 0.00000000 1699978.02820000 768.13010942
3355443 0.20000000 1995385.46480000 353.18186463 1.18249168 0.00276960 93914.44040000 309.03653280 1331200.37939999 1535.43410664 -1.00000000 0.00000000 1685186.15680000 785.77186330
3313500 0.21000000 1990692.00710000 361.77462561 1.18965692 0.00277407 97974.69610000 315.59312167 1293318.02010000 1509.99748243 -1.00000000 0.00000000 1669797.64720000 802.35644655
3271557 0.22000000 1985764.93320000 370.44421797 1.19713529 0.00279466 102216.55020000 321.92584815 1255617.28820000 1484.72423620 -1.00000000 0.00000000 1653789.53410000 817.92943638
3229614 0.23000000 1980587.57779999 381.52221700 1.20497000 0.00284927 106651.24130000 329.53327615 1218109.34830001 1459.97506551 -1.00000000 0.00000000 1637124.07880000 835.02408044
3187671 0.24000000 1975147.90090000 391.38104245 1.21316139 0.00286981 111286.25970000 336.32555916 1180801.75270000 1435.24083037 -1.00000000 0.00000000 1619779.29200000 855.42985870
3145728 0.25000000 1969430.70460000 401.76163553 1.22175811 0.00291266 116130.91080000 343.04812351 1143703.81680000 1409.45189897 -1.00000000 0.00000000 1601717.63660001 874.20290414
3103785 0.26000000 1963420.26810000 413.21386302 1.23075017 0.00294722 121195.90330000 350.33988718 1106826.18030000 1383.09347397 -1.00000000 0.00000000 1582902.54450000 891.29749082
3061842 0.27000000 1957097.53380000 423.71894769 1.24018095 0.00300812 126492.69210000 357.26201549 1070180.37310000 1358.69528629 -1.00000000 0.00000000 1563301.14080000 909.98872780
3019899 0.28000000 1950446.27710000 433.14366700 1.25008479 0.00304978 132030.95870000 363.68373373 1033776.02070000 1333.43790884 -1.00000000 0.00000000 1542870.86240000 930.38585837
2977956 0.29000000 1943444.48820000 445.18484118 1.26053159 0.00310560 137823.42900000 370.77265163 997625.88500000 1307.60062975 -1.00000000 0.00000000 1521567.61590000 949.16114104
2936013 0.30000000 1936074.09520001 457.83215196 1.27149932 0.00317121 143881.51780000 379.29246389 961741.35680000 1282.08542188 -1.00000000 0.00000000 1499348.86890001 969.74049074
2894070 0.31000000 1928309.70120000 471.23525270 1.28305366 0.00321306 150219.59750000 388.01498999 926136.82750000 1256.26478382 -1.00000000 0.00000000 1476165.14500000 989.90946356
2852127 0.32000000 1920130.20180000 484.40031466 1.29521616 0.00329161 156849.30870000 395.78904899 890823.95470000 1230.40775525 -1.00000000 0.00000000 1451969.03109999 1012.85647757
2810184 0.33000000 1911508.70070000 497.74702744 1.30800944 0.00336047 163787.38860000 403.70932280 855819.40560000 1204.37168308 -1.00000000 0.00000000 1426702.61719999 1038.62962312
2768241 0.34000000 1902415.96590000 510.14273052 1.32153292 0.00341096 171047.65200000 411.57560246 821137.06300000 1179.17938272 -1.00000000 0.00000000 1400307.81330000 1060.79632302
2726298 0.35000000 1892824.73770000 523.86322047 1.33580502 0.00348936 178646.33290000 419.00833270 786793.11990000 1152.64151963 -1.00000000 0.00000000 1372725.13070000 1083.21105009
2684355 0.36000000 1882699.24550000 537.52067540 1.35089459 0.00356200 186601.65120000 426.71700046 752805.84220000 1126.28170488 -1.00000000 0.00000000 1343883.24860000 1110.07930897
2642412 0.37000000 1872005.77740000 553.50787505 1.36689773 0.00366100 194931.13910000 435.40397381 719192.78810000 1100.44652858 -1.00000000 0.00000000 1313714.89050000 1136.44597137
2600468 0.38000000 1860710.82700000 571.50397615 1.38380446 0.00376053 203652.78780000 445.56737044 685971.75980000 1073.87228164 -1.00000000 0.00000000 1282139.00750000 1160.73050178
2558525 0.39000000 1848768.75460000 589.35356022 1.40178148 0.00389032 212787.98420000 453.35359147 653164.34320000 1046.51138256 -1.00000000 0.00000000 1249077.29419999 1193.95362513
2516582 0.40000000 1836139.93119999 608.27448775 1.42090268 0.00399512 222354.02340000 462.46403574 620787.76340000 1019.24603069 -1.00000000 0.00000000 1214446.61930000 1225.70612698
2474639 0.41000000 1822776.41520000 624.77223613 1.44125226 0.00407474 232375.55550000 469.62396679 588866.69950000 992.55794890 -1.00000000 0.00000000 1178143.07600000 1257.29823531
2432696 0.42000000 1808623.09100000 644.98573207 1.46297774 0.00419364 242877.04210000 478.43236626 557425.58310000 966.85923545 -1.00000000 0.00000000 1140076.01130000 1291.15756101
2390753 0.43000000 1793631.66490000 666.07705896 1.48613632 0.00434569 253879.30780000 487.28318579 526485.23280000 940.23507593 -1.00000000 0.00000000 1100125.06190000 1329.14249591
2348810 0.44000000 1777740.62719999 682.67332825 1.51091928 0.00451657 265408.98750000 494.10976472 496072.30350000 913.50197086 -1.00000000 0.00000000 1058189.21690000 1365.20714476
2306867 0.45000000 1760880.94010000 705.25081636 1.53748834 0.00469541 277495.12120000 504.33057635 466215.84120000 887.92973737 -1.00000000 0.00000000 1014130.64020000 1402.36717464
2264924 0.46000000 1742988.50520000 730.63195200 1.56598511 0.00486675 290163.54610000 513.85363522 436941.65610000 860.34395006 -1.00000000 0.00000000 967833.13590000 1438.87198947
2222981 0.47000000 1723980.63250000 752.98266762 1.59666661 0.00506635 303446.09170000 521.08146127 408281.59570000 833.77595820 -1.00000000 0.00000000 919150.27730000 1478.02692105
2181038 0.48000000 1703773.73370001 775.27138755 1.62980381 0.00528246 317373.17110000 528.75200358 380266.05210000 805.42427901 -1.00000000 0.00000000 867950.48390000 1525.73151183
2139095 0.49000000 1682279.75750000 802.27465756 1.66560892 0.00547285 331976.94930000 536.67244802 352927.22430000 776.83390778 -1.00000000 0.00000000 814084.98040000 1571.38366979
2097152 0.50000000 1659397.57510001 832.24401023 1.70441328 0.00579094 347292.44520000 544.47070760 326300.09820000 747.72468876 -1.00000000 0.00000000 757408.54150000 1623.78962946
2055209 0.51000000 1635014.48510000 858.02106501 1.74668302 0.00615020 363355.16970000 551.94338990 300420.21670000 719.25974112 -1.00000000 0.00000000 697788.16060000 1667.61637844
2013266 0.52000000 1609008.17869999 886.64305194 1.79287172 0.00654781 380203.01870000 558.33513302 275325.47070000 694.35234936 -1.00000000 0.00000000 635095.19720000 1726.98302445
1971323 0.53000000 1581251.84010000 925.02459437 1.84343761 0.00692126 397874.84460000 567.13962724 251054.66260000 665.40591346 -1.00000000 0.00000000 569261.35190000 1780.78636593
1929380 0.54000000 1551592.74500000 964.52879042 1.89913763 0.00746329 416410.43890000 574.72118311 227647.64690000 638.33283411 -1.00000000 0.00000000 500260.08530000 1842.70820793
1887437 0.55000000 1519865.98400000 1002.96286312 1.96071096 0.00799572 435855.94740000 582.18721802 205150.55940000 610.25455552 -1.00000000 0.00000000 428217.07520000 1921.17844044
1845494 0.56000000 1485902.31320000 1042.99527459 2.02895629 0.00856760 456252.64420000 588.63510134 183604.64720000 580.65066938 -1.00000000 0.00000000 353450.92440000 1982.25618668
1803551 0.57000000 1449500.65450000 1094.11620907 2.10520305 0.00935277 477643.76950000 592.38911203 163053.18450000 552.05151874 -1.00000000 0.00000000 276662.11190000 2045.45974312
1761608 0.58000000 1410441.19480000 1143.56363523 2.19080233 0.01021482 500077.81960000 598.11847424 143544.60360000 525.31971917 -1.00000000 0.00000000 199260.08980000 2113.43360825
1719665 0.59000000 1368474.51580000 1205.93734574 2.28758709 0.01140024 523600.90260000 602.70080184 125125.09060000 496.29862082 -1.00000000 0.00000000 123990.81970000 2150.27596989
1677722 0.60000000 1323329.30530000 1269.57557755 2.39791501 0.01272819 548260.34170000 606.02025213 107841.91070000 467.55385785 -1.00000000 0.00000000 56443.07300000 2066.66147272
1635779 0.61000000 1274691.12580001 1336.61009402 2.52485059 0.01433360 574101.15750000 607.80124229 91740.11350000 437.53408304 -1.00000000 0.00000000 8662.10550000 1520.64249774
1593836 0.62000000 1222223.18250000 1426.77847828 2.67224380 0.01653542 601169.81130000 610.30797052 76866.22430000 407.54841843 -1.00000000 0.00000000 15.17660000 24.59108954
1551892 0.63000000 1165543.44540001 1510.21278676 2.84550317 0.01896144 629507.56040000 609.42286680 63261.29740000 377.61684523 -1.00000000 0.00000000 3.99020000 7.19843634
1509949 0.64000000 1104209.43380000 1642.61553079 3.05187076 0.02284330 659155.88850000 609.42459099 50967.02950000 346.20235215 -1.00000000 0.00000000 1.95570000 4.05309515
1468006 0.65000000 1037718.44730000 1783.49542955 3.30179632 0.02762880 690148.09130000 606.62532736 40016.60830000 314.25882443 -1.00000000 0.00000000 1.16140000 2.78993341
1426063 0.66000000 965524.84200000 1945.84662750 3.61075291 0.03450479 722510.78050000 604.12901859 30436.69150000 281.76941411 -1.00000000 0.00000000 0.76860000 2.08415172
1384120 0.67000000 886991.60070000 2170.03561351 4.00235437 0.04434687 756255.71220000 599.36823957 22239.02220000 249.37517339 -1.00000000 0.00000000 0.53520000 1.66001100
1342177 0.68000000 801398.42440000 2458.64843552 4.51415465 0.05977654 791385.30260000 594.97302016 15426.00060000 214.21269642 -1.00000000 0.00000000 0.37190000 1.32565687
1300234 0.69000000 707872.25020000 2826.18152340 5.21377777 0.08598366 827879.45010000 588.87083371 9977.53910000 178.06847702 -1.00000000 0.00000000 0.27550000 1.12593362
1258291 0.70000000 605460.34370000 3353.45718951 6.22409614 0.13510204 865691.72290000 581.06073785 5847.19490000 141.28479413 -1.00000000 0.00000000 0.20880000 0.94989094
1216348 0.71000000 493055.83470000 4057.25742747 7.80956900 0.23224773 904737.64640000 572.57473062 2950.51240000 104.12058661 -1.00000000 0.00000000 0.15190000 0.76882085
1174405 0.72000000 369253.89680000 5147.16918737 10.68665007 0.50558526 944886.43930000 561.93386949 1156.71430000 67.96235843 -1.00000000 0.00000000 0.11270000 0.64795115
1132462 0.73000000 232545.34360000 7290.35078779 17.43098637 1.76237896 985943.84770000 549.01472277 271.49870000 34.26673050 -1.00000000 0.00000000 0.08230000 0.54640330
1090519 0.74000000 78408.10200000 16330.33288088 66.69371222 64.48433851 1027629.01800000 533.12128086 14.04000000 7.17235974 -1.00000000 0.00000000 0.06160000 0.46949705
1048576 0.75000000 4238.74570000 1915.69624175 38.44217513 5.18969888 1069558.78560000 512.92459309 1.22060000 1.11061199 -1.00000000 0.00000000 0.04930000 0.41217290
1006633 0.76000000 1197.89810000 363.74277642 15.89985428 0.75234159 1111500.89770000 491.97372110 0.71870000 0.85430866 -1.00000000 0.00000000 0.03890000 0.36276707
964690 0.77000000 585.74030000 144.06882813 9.82572793 0.24022716 1153443.28290000 471.06149509 0.50090000 0.71291656 -1.00000000 0.00000000 0.02920000 0.31234134
922747 0.78000000 352.81710000 77.25665089 7.08107699 0.10637063 1195385.77070000 450.09936377 0.37470000 0.61509165 -1.00000000 0.00000000 0.02360000 0.27649717
880804 0.79000000 236.46950000 47.41018290 5.52804030 0.05629008 1237328.29690001 429.18435930 0.28590000 0.53590103 -1.00000000 0.00000000 0.01890000 0.24849339
838861 0.80000000 169.89250000 31.68720486 4.53142959 0.03329270 1279270.82820000 408.24366201 0.22020000 0.46918437 -1.00000000 0.00000000 0.01450000 0.21884821
796918 0.81000000 127.76840000 22.29949076 3.83833241 0.02112662 1321213.40450000 387.32240052 0.16950000 0.41010556 -1.00000000 0.00000000 0.01060000 0.18245813
754975 0.82000000 99.43100000 16.70842770 3.32864483 0.01407317 1363155.95230000 366.37416616 0.12830000 0.35700400 -1.00000000 0.00000000 0.00840000 0.16227160
713032 0.83000000 79.17850000 12.61732767 2.93824059 0.00981009 1405098.55150000 345.42450920 0.10050000 0.31529302 -1.00000000 0.00000000 0.00620000 0.13915278
671089 0.84000000 64.25550000 9.73748949 2.62968071 0.00711310 1447041.12410000 324.47647896 0.07710000 0.27561420 -1.00000000 0.00000000 0.00500000 0.12560485
629146 0.85000000 53.14400000 7.88761595 2.37966691 0.00520879 1488983.72440000 303.56015536 0.06140000 0.24461403 -1.00000000 0.00000000 0.00410000 0.11438749
587203 0.86000000 44.45520000 6.41352526 2.17302413 0.00385688 1530926.30700000 282.62429230 0.04700000 0.21493166 -1.00000000 0.00000000 0.00280000 0.09377121
545260 0.87000000 37.40380000 5.20634768 1.99935253 0.00292355 1572868.84910000 261.69146599 0.03710000 0.19059702 -1.00000000 0.00000000 0.00240000 0.08482311
503316 0.88000000 31.79870000 4.21824106 1.85138316 0.00224657 1614811.52260000 240.75553911 0.02760000 0.16504837 -1.00000000 0.00000000 0.00150000 0.06706862
461373 0.89000000 27.19690000 3.44530367 1.72379186 0.00172547 1656754.11010000 219.81584856 0.02010000 0.14106020 -1.00000000 0.00000000 0.00090000 0.05195633
419430 0.90000000 23.35970000 2.90491992 1.61265110 0.00133063 1698696.73770000 198.86731385 0.01370000 0.11710543 -1.00000000 0.00000000 0.00060000 0.04242429
377487 0.91000000 20.06730000 2.40739491 1.51495941 0.00101850 1740639.33940000 177.94210279 0.00940000 0.09753251 -1.00000000 0.00000000 0.00030000 0.03000000
335544 0.92000000 17.28190000 2.03289096 1.42842770 0.00077453 1782581.92760000 157.01388185 0.00660000 0.08097590 -1.00000000 0.00000000 0.00030000 0.03000000
293601 0.93000000 14.89490000 1.69827630 1.35124679 0.00058323 1824524.54530000 136.08246100 0.00430000 0.06543652 -1.00000000 0.00000000 0.00030000 0.03000000
251658 0.94000000 12.81220000 1.43168996 1.28197491 0.00043933 1866467.14890000 115.13717986 0.00290000 0.05377620 -1.00000000 0.00000000 0.00030000 0.03000000
209715 0.95000000 10.95230000 1.20638727 1.21946098 0.00031529 1908409.74160000 94.20304693 0.00160000 0.03996999 -1.00000000 0.00000000 0.00030000 0.03000000
167772 0.96000000 9.24290000 0.99759667 1.16275359 0.00022013 1950352.35590000 73.26489616 0.00090000 0.02998800 -1.00000000 0.00000000 0.00030000 0.03000000
125829 0.97000000 7.67110000 0.81804139 1.11108511 0.00014265 1992294.96620000 52.34166431 0.00020000 0.01414143 -1.00000000 0.00000000 0.00000000 0.00000000
83886 0.98000000 6.13690000 0.62721426 1.06381452 0.00007666 2034237.58300000 31.39948572 0.00000000 0.00000000 -1.00000000 0.00000000 0.00000000 0.00000000
41943 0.99000000 4.29420000 0.48090486 1.02040175 0.00002303 2076180.19700000 10.48060949 0.00000000 0.00000000 -1.00000000 0.00000000 0.00000000 0.00000000
0 1.00000000 1.00000000 0.00000000 1.00000000 0.00000000 2097152.00000000 0.00000000 0.00000000 0.00000000 -1.00000000 0.00000000 0.00000000 0.00000000
