# Link Removal Percolation Results (Averaged)
# N=4096 M=8192
# M_graphs=1000 M_realizations=10 Total_runs=10000
# Columns:
#(1) edges_remaining (2) frac_removed
#(3) gc_mean (4) gc_std
#(5) small_mean (6) small_std
#(7) comp_mean (8) comp_std
#(9) cycles_mean (10) cycles_std
#(11) lambda1_mean (12) lambda1_std
#(13) core_mean (14) core_std
8192 0.00000000 4013.08610000 9.83931746 1.08378161 0.05170335 80.65200000 9.34391925 4138.51700000 85.81813087 -1.00000000 0.00000000 3695.73100000 23.13331265
8110 0.01000000 4009.45480000 10.12206513 1.08710410 0.05223714 84.02160000 9.58436850 4059.94260000 84.81329397 -1.00000000 0.00000000 3688.53860000 23.38268558
8028 0.02000000 4005.70050000 10.37612481 1.09049920 0.05257435 87.49540000 9.79410901 3981.47640000 83.82639160 -1.00000000 0.00000000 3673.91690000 23.86701401
7946 0.03000000 4001.76250000 10.62702155 1.09414223 0.05300287 91.12650000 10.00235485 3903.16350000 82.81676660 -1.00000000 0.00000000 3658.75380000 24.32983312
7864 0.04000000 3997.63040000 10.88828964 1.09759772 0.05353722 94.93450000 10.22423901 3825.03450000 81.80679645 -1.00000000 0.00000000 3642.98120000 24.79409852
7782 0.05000000 3993.31870000 11.13668411 1.10131192 0.05398857 98.89180000 10.43244824 3747.03780000 80.76716848 -1.00000000 0.00000000 3626.66730000 25.27936936
7700 0.06000000 3988.72440000 11.39632538 1.10543164 0.05432580 103.08730000 10.64439801 3669.28530000 79.77015627 -1.00000000 0.00000000 3609.80100000 25.83230400
7619 0.07000000 3983.96850000 11.64762098 1.10962652 0.05462941 107.42520000 10.85719083 3591.67920000 78.77608936 -1.00000000 0.00000000 3592.17950000 26.36530661
7537 0.08000000 3979.00160000 11.96043907 1.11411892 0.05529105 111.93820000 11.11600366 3514.26120000 77.72977529 -1.00000000 0.00000000 3573.84530000 26.95692556
7455 0.09000000 3973.81320000 12.23835297 1.11856306 0.05576649 116.64190000 11.33658309 3437.01990000 76.73850392 -1.00000000 0.00000000 3554.88620000 27.48504670
7373 0.10000000 3968.34820000 12.50804549 1.12313967 0.05601095 121.58000000 11.54350576 3360.02600000 75.69899179 -1.00000000 0.00000000 3535.22210000 28.03815588
7291 0.11000000 3962.65530000 12.81906060 1.12806039 0.05664077 126.70080000 11.77164120 3283.19180000 74.66240594 -1.00000000 0.00000000 3514.92350000 28.56287506
7209 0.12000000 3956.68370000 13.11973578 1.13321617 0.05737110 132.05410000 11.99933213 3206.65010000 73.61539780 -1.00000000 0.00000000 3493.74550000 29.24733613
7127 0.13000000 3950.43790000 13.45667313 1.13807928 0.05762611 137.65350000 12.25434840 3130.26650000 72.58742020 -1.00000000 0.00000000 3471.72710000 29.90678631
7045 0.14000000 3943.85750000 13.82790349 1.14329955 0.05797293 143.52320000 12.52015724 3054.16920000 71.52613348 -1.00000000 0.00000000 3448.87070000 30.49162763
6963 0.15000000 3936.98660000 14.15697222 1.14910037 0.05883773 149.61870000 12.76470149 2978.33670000 70.50892202 -1.00000000 0.00000000 3425.16420000 31.14650621
6881 0.16000000 3929.75760000 14.51348705 1.15486382 0.05919824 156.00920000 13.03880809 2902.76920000 69.47776369 -1.00000000 0.00000000 3400.52930000 31.76154312
6799 0.17000000 3922.18740000 14.83508305 1.16094312 0.05993549 162.67550000 13.29179698 2827.52250000 68.44908196 -1.00000000 0.00000000 3374.98360000 32.42077176
6717 0.18000000 3914.25490000 15.20292205 1.16733918 0.06036167 169.62780000 13.56266426 2752.50680000 67.39489269 -1.00000000 0.00000000 3348.24460000 33.02374642
6636 0.19000000 3905.93080000 15.57945067 1.17427814 0.06139844 176.87940000 13.84766520 2677.81140000 66.37137445 -1.00000000 0.00000000 3320.52960000 33.68140982
6554 0.20000000 3897.20900000 15.95489815 1.18098220 0.06191006 184.47010000 14.11745148 2603.45310000 65.33186532 -1.00000000 0.00000000 3291.73390000 34.22129747
6472 0.21000000 3888.08580000 16.34434924 1.18808083 0.06266140 192.37530000 14.40093013 2529.42730000 64.32942361 -1.00000000 0.00000000 3261.69490000 34.86413293
6390 0.22000000 3878.52390000 16.76021239 1.19506185 0.06318164 200.63600000 14.68024029 2455.74500000 63.26274569 -1.00000000 0.00000000 3230.45860000 35.65753542
6308 0.23000000 3868.43320000 17.22563235 1.20265790 0.06370026 209.28570000 15.01773714 2382.46070000 62.17725192 -1.00000000 0.00000000 3198.06940000 36.38474362
6226 0.24000000 3857.85000000 17.66577788 1.21079476 0.06439100 218.31650000 15.33454409 2309.54350000 61.11171223 -1.00000000 0.00000000 3164.09620000 37.13212390
6144 0.25000000 3846.67880000 18.10017105 1.21972149 0.06524283 227.76370000 15.62383028 2237.04570000 60.05039731 -1.00000000 0.00000000 3128.82200000 37.95365284
6062 0.26000000 3834.92140000 18.57486271 1.22908790 0.06578861 237.65060000 15.94148465 2164.96960000 58.97627910 -1.00000000 0.00000000 3092.08890000 38.70542091
5980 0.27000000 3822.62700000 19.11541291 1.23832920 0.06647128 247.96240000 16.30252629 2093.36740000 57.87148804 -1.00000000 0.00000000 3053.74120000 39.45868119
5898 0.28000000 3809.63040000 19.63818631 1.24816188 0.06750315 258.78920000 16.63971909 2022.23520000 56.74176631 -1.00000000 0.00000000 3013.86130000 40.35268884
5816 0.29000000 3795.99880000 20.09680539 1.25871868 0.06861008 270.07530000 16.93448280 1951.57930000 55.63698643 -1.00000000 0.00000000 2972.17840000 41.30631664
5734 0.30000000 3781.61640000 20.60910295 1.26954552 0.06982943 281.90980000 17.28091800 1881.45880000 54.58558840 -1.00000000 0.00000000 2928.71360000 42.22921626
5652 0.31000000 3766.45430000 21.14001423 1.28107435 0.07097433 294.29090000 17.61583688 1811.92790000 53.45010938 -1.00000000 0.00000000 2883.58700000 43.21894976
5571 0.32000000 3750.54860000 21.77435304 1.29326281 0.07283683 307.17560000 17.98898899 1742.85260000 52.31772537 -1.00000000 0.00000000 2836.41140000 44.08217184
5489 0.33000000 3733.77440000 22.36529287 1.30552062 0.07443793 320.69980000 18.31217119 1674.44780000 51.19971305 -1.00000000 0.00000000 2786.99220000 45.09979532
5407 0.34000000 3715.99890000 23.02842438 1.31965043 0.07627890 334.85760000 18.71364054 1606.65060000 50.11444168 -1.00000000 0.00000000 2735.51860000 46.26502242
5325 0.35000000 3697.29620000 23.67717733 1.33426342 0.07828371 349.64750000 19.06863406 1539.49250000 49.04133613 -1.00000000 0.00000000 2681.54860000 47.38471029
5243 0.36000000 3677.57410000 24.27738141 1.34919458 0.08013769 365.15440000 19.39121870 1473.06740000 47.92724652 -1.00000000 0.00000000 2625.19800000 48.63530133
5161 0.37000000 3656.72860000 24.81272474 1.36518242 0.08175011 381.41180000 19.72952473 1407.42080000 46.87209433 -1.00000000 0.00000000 2566.23130000 49.81938777
5079 0.38000000 3634.68830000 25.42045167 1.38175364 0.08390373 398.45830000 20.00186163 1342.47030000 45.71556747 -1.00000000 0.00000000 2504.67800000 50.90283711
4997 0.39000000 3611.32990000 26.13791470 1.40015513 0.08607302 416.28970000 20.35813890 1278.35070000 44.53801829 -1.00000000 0.00000000 2440.28230000 52.16154224
4915 0.40000000 3586.72810000 26.90010282 1.41949277 0.08852824 434.90900000 20.71604775 1215.03400000 43.39115720 -1.00000000 0.00000000 2372.62090000 53.17663734
4833 0.41000000 3560.62920000 27.70752385 1.43946736 0.09125247 454.49960000 21.08984775 1152.66760000 42.22187323 -1.00000000 0.00000000 2301.78540000 54.42591262
4751 0.42000000 3533.02520000 28.45440792 1.46094732 0.09337372 475.00360000 21.43692938 1091.25260000 41.07537355 -1.00000000 0.00000000 2227.66150000 55.97249691
4669 0.43000000 3503.67860000 29.12992889 1.48429568 0.09658441 496.52430000 21.72073177 1030.81330000 39.94960876 -1.00000000 0.00000000 2149.83110000 57.30733972
4588 0.44000000 3472.75570000 30.06976615 1.50850952 0.09958306 518.98290000 22.11461311 971.34290000 38.83315492 -1.00000000 0.00000000 2068.08820000 58.87905481
4506 0.45000000 3440.00800000 31.11990329 1.53424818 0.10291762 542.52920000 22.53172242 912.96220000 37.68887125 -1.00000000 0.00000000 1982.10570000 60.41434363
4424 0.46000000 3405.18050000 32.00463012 1.56290914 0.10726291 567.19660000 22.87190112 855.66260000 36.68919965 -1.00000000 0.00000000 1891.83160000 62.24679677
4342 0.47000000 3368.25430000 32.83913934 1.59351691 0.11272970 593.04850000 23.12521190 799.59150000 35.61559876 -1.00000000 0.00000000 1796.57560000 64.29538455
4260 0.48000000 3328.79940000 33.92125624 1.62668117 0.11755742 620.21090000 23.45737082 744.79490000 34.43138664 -1.00000000 0.00000000 1696.56880000 66.34308711
4178 0.49000000 3286.97750000 35.16525349 1.66170788 0.12258867 648.62800000 23.78052496 691.26700000 33.22160861 -1.00000000 0.00000000 1591.04690000 68.41722146
4096 0.50000000 3242.27130000 36.22316259 1.70122170 0.12939990 678.51550000 24.06190053 639.20850000 32.09940911 -1.00000000 0.00000000 1480.36140000 70.05218855
4014 0.51000000 3194.88270000 37.57573332 1.74192660 0.13558540 709.81830000 24.32597090 588.56630000 31.00105016 -1.00000000 0.00000000 1363.82530000 72.16049261
3932 0.52000000 3144.09640000 38.96703158 1.78900501 0.14545362 742.67710000 24.60073892 539.48710000 29.77312677 -1.00000000 0.00000000 1241.19080000 74.57173653
3850 0.53000000 3089.99800000 40.28061629 1.84020002 0.15493541 777.03410000 24.83994041 491.90010000 28.64974696 -1.00000000 0.00000000 1111.91300000 77.18617364
3768 0.54000000 3031.96730000 41.74599985 1.89753240 0.16646848 813.19710000 25.06116234 446.09610000 27.50868113 -1.00000000 0.00000000 976.85290000 80.07109965
3686 0.55000000 2969.93920000 43.56818245 1.96060610 0.18212775 851.17150000 25.35016668 402.14350000 26.31050992 -1.00000000 0.00000000 835.74910000 83.72930556
3604 0.56000000 2903.65210000 45.51068213 2.02685825 0.19431400 891.05330000 25.58588523 360.09630000 25.09590418 -1.00000000 0.00000000 689.86170000 86.61146187
3523 0.57000000 2832.43180000 47.61457827 2.10429816 0.21267683 932.84730000 25.76201760 319.95130000 23.90724334 -1.00000000 0.00000000 539.24170000 90.14412170
3441 0.58000000 2756.01930000 49.75358750 2.18992546 0.23387134 976.65440000 25.93351915 281.81840000 22.73048809 -1.00000000 0.00000000 387.68690000 91.59481879
3359 0.59000000 2673.93490000 52.02140987 2.28825209 0.25543919 1022.52290000 26.15269149 245.72990000 21.53380868 -1.00000000 0.00000000 241.99550000 91.11823710
3277 0.60000000 2585.61640000 54.75191529 2.40134683 0.29177245 1070.71450000 26.28753494 211.98550000 20.37822409 -1.00000000 0.00000000 118.46770000 77.17843097
3195 0.61000000 2490.45010000 58.00694778 2.52705663 0.32397325 1121.18770000 26.36314416 180.50770000 19.03485680 -1.00000000 0.00000000 42.40040000 47.26275549
3113 0.62000000 2387.92640000 61.73096836 2.67437039 0.37395222 1173.99970000 26.39531722 151.43870000 17.74719523 -1.00000000 0.00000000 12.84620000 21.15026428
3031 0.63000000 2276.54240000 66.56211125 2.85587737 0.44713077 1229.39670000 26.41401710 124.81570000 16.48629471 -1.00000000 0.00000000 4.74190000 9.43052373
2949 0.64000000 2156.06150000 71.37381410 3.06998794 0.52706147 1287.27240000 26.36607129 100.75940000 15.17073257 -1.00000000 0.00000000 2.27900000 4.99868560
2867 0.65000000 2025.55870000 78.38498437 3.32766497 0.64627693 1347.77470000 26.29586825 79.31370000 13.77100782 -1.00000000 0.00000000 1.29250000 3.15638084
2785 0.66000000 1882.41630000 87.36250806 3.67012795 0.84424064 1410.94740000 26.14227180 60.53140000 12.35731704 -1.00000000 0.00000000 0.81010000 2.27788430
2703 0.67000000 1726.67590000 97.78093153 4.09609250 1.12414151 1476.93350000 25.87637603 44.60950000 10.82270404 -1.00000000 0.00000000 0.54510000 1.74162835
2621 0.68000000 1554.95100000 112.23820624 4.70480139 1.78448117 1545.68890000 25.60703202 31.38390000 9.31383893 -1.00000000 0.00000000 0.37810000 1.36063424
2540 0.69000000 1363.33430000 136.97043197 5.74743267 3.84816594 1617.12690000 25.29078011 20.90990000 7.73163371 -1.00000000 0.00000000 0.25920000 1.06617495
2458 0.70000000 1146.19730000 175.97527526 7.56313893 6.65934242 1691.16970000 24.94806891 12.99770000 6.08022957 -1.00000000 0.00000000 0.18950000 0.90723319
2376 0.71000000 898.31750000 218.14688515 10.47760391 9.05084784 1767.68600000 24.49495059 7.57200000 4.45272935 -1.00000000 0.00000000 0.13430000 0.75612213
2294 0.72000000 648.77880000 229.06070407 12.68128313 8.45761091 1846.30150000 23.99017196 4.24950000 3.01279894 -1.00000000 0.00000000 0.10260000 0.65031956
2212 0.73000000 435.65190000 195.40344618 12.99668609 6.29216811 1926.37290000 23.38885096 2.38590000 1.97873008 -1.00000000 0.00000000 0.07760000 0.54608430
2130 0.74000000 286.60910000 144.57372671 11.47026477 3.98347490 2007.38660000 22.66195704 1.43660000 1.37257744 -1.00000000 0.00000000 0.05640000 0.45873749
2048 0.75000000 192.18130000 99.75393985 9.50828834 2.46238703 2088.82480000 21.85480881 0.92980000 1.03178409 -1.00000000 0.00000000 0.04120000 0.39104712
1966 0.76000000 134.52540000 67.22517741 7.74158447 1.54445677 2170.48800000 20.98279018 0.64500000 0.82026964 -1.00000000 0.00000000 0.02990000 0.32835464
1884 0.77000000 98.15150000 45.66828338 6.36059166 1.00158452 2252.22390000 20.11046523 0.46790000 0.68382480 -1.00000000 0.00000000 0.02420000 0.29397789
1802 0.78000000 74.65150000 32.25294828 5.30647838 0.67096983 2334.07170000 19.21174818 0.35170000 0.59316296 -1.00000000 0.00000000 0.01850000 0.25527293
1720 0.79000000 58.48230000 22.94786149 4.51863984 0.46028718 2415.91790000 18.34101412 0.26690000 0.51989558 -1.00000000 0.00000000 0.01160000 0.19613589
1638 0.80000000 47.33140000 17.32177758 3.90903491 0.32757981 2497.80550000 17.44895746 0.20550000 0.45748298 -1.00000000 0.00000000 0.00850000 0.16501658
1556 0.81000000 38.87310000 13.25711777 3.43426141 0.23823970 2579.70530000 16.55465063 0.15830000 0.40181744 -1.00000000 0.00000000 0.00630000 0.14234583
1475 0.82000000 32.48500000 10.44107641 3.05473430 0.17730870 2661.61740000 15.66190112 0.12340000 0.35409741 -1.00000000 0.00000000 0.00570000 0.13590201
1393 0.83000000 27.52960000 8.56637976 2.74756908 0.13427949 2743.52350000 14.75263406 0.09550000 0.31046641 -1.00000000 0.00000000 0.00480000 0.12561265
1311 0.84000000 23.49530000 6.94619341 2.49348863 0.10228521 2825.45960000 13.85897453 0.07360000 0.27237926 -1.00000000 0.00000000 0.00350000 0.10718628
1229 0.85000000 20.24710000 5.63210561 2.28051681 0.07888172 2907.37020000 12.97029586 0.05620000 0.23632000 -1.00000000 0.00000000 0.00210000 0.07934872
1147 0.86000000 17.57750000 4.65836493 2.09951407 0.06105494 2989.32300000 12.06218142 0.04200000 0.20454873 -1.00000000 0.00000000 0.00120000 0.05999100
1065 0.87000000 15.38050000 3.88219357 1.94458063 0.04800490 3071.17960000 11.16058241 0.03160000 0.17833850 -1.00000000 0.00000000 0.00090000 0.05195633
983 0.88000000 13.52200000 3.29709009 1.80977693 0.03792888 3153.18100000 10.29231909 0.02200000 0.14939288 -1.00000000 0.00000000 0.00060000 0.04242429
901 0.89000000 11.91680000 2.74248608 1.69209211 0.02990551 3235.12950000 9.40768729 0.01550000 0.12514518 -1.00000000 0.00000000 0.00060000 0.04242429
819 0.90000000 10.52020000 2.35120071 1.58837813 0.02336439 3317.05620000 8.48791176 0.01020000 0.10147408 -1.00000000 0.00000000 0.00030000 0.03000000
737 0.91000000 9.29540000 1.96054156 1.49628601 0.01830737 3398.99820000 7.62471051 0.00720000 0.08572570 -1.00000000 0.00000000 0.00030000 0.03000000
655 0.92000000 8.24690000 1.67189112 1.41406428 0.01416580 3480.90610000 6.70530975 0.00510000 0.07262587 -1.00000000 0.00000000 0.00030000 0.03000000
573 0.93000000 7.29090000 1.42171703 1.34029002 0.01091525 3562.86890000 5.82042099 0.00290000 0.05377620 -1.00000000 0.00000000 0.00030000 0.03000000
492 0.94000000 6.43320000 1.23283809 1.27368099 0.00813855 3644.81540000 4.92880839 0.00140000 0.03739224 -1.00000000 0.00000000 0.00030000 0.03000000
410 0.95000000 5.63340000 1.05826104 1.21330704 0.00594164 3726.76870000 4.01895702 0.00070000 0.02644957 -1.00000000 0.00000000 0.00030000 0.03000000
328 0.96000000 4.89610000 0.88745904 1.15835282 0.00412399 3808.70550000 3.13486084 0.00050000 0.02235621 -1.00000000 0.00000000 0.00000000 0.00000000
246 0.97000000 4.20900000 0.72192182 1.10802396 0.00264953 3890.62840000 2.25380154 0.00040000 0.01999700 -1.00000000 0.00000000 0.00000000 0.00000000
164 0.98000000 3.44500000 0.58907529 1.06198261 0.00139748 3972.58900000 1.35729998 0.00000000 0.00000000 -1.00000000 0.00000000 0.00000000 0.00000000
82 0.99000000 2.58180000 0.53510503 1.01960120 0.00039084 4054.53300000 0.53379724 0.00000000 0.00000000 -1.00000000 0.00000000 0.00000000 0.00000000
0 1.00000000 1.00000000 0.00000000 1.00000000 0.00000000 4096.00000000 0.00000000 0.00000000 0.00000000 -1.00000000 0.00000000 0.00000000 0.00000000
