# Link Removal Percolation Results (Averaged)
# N=16384 M=32768
# M_graphs=1000 M_realizations=10 Total_runs=10000
# Columns:
#(1) edges_remaining (2) frac_removed
#(3) gc_mean (4) gc_std
#(5) small_mean (6) small_std
#(7) comp_mean (8) comp_std
#(9) cycles_mean (10) cycles_std
#(11) lambda1_mean (12) lambda1_std
#(13) core_mean (14) core_std
32768 0.00000000 16052.65610000 19.63974554 1.08767660 0.02712457 318.97210000 18.34117667 16545.86810000 176.80863958 -1.00000000 0.00000000 14786.28200000 46.84030185
32440 0.01000000 16038.22060000 20.10727644 1.09070819 0.02733201 332.37680000 18.73802372 16231.53780000 174.73490264 -1.00000000 0.00000000 14757.67430000 47.32166896
32113 0.02000000 16023.09290000 20.61400891 1.09396220 0.02745140 346.37660000 19.16397919 15917.77360000 172.72993112 -1.00000000 0.00000000 14699.11180000 48.22344711
31785 0.03000000 16007.24370000 21.13982496 1.09730984 0.02745392 361.01880000 19.62826975 15604.66580000 170.60781756 -1.00000000 0.00000000 14638.31620000 49.27805648
31457 0.04000000 15990.69570000 21.66088689 1.10075718 0.02753774 376.26070000 20.06200847 15292.16270000 168.58209520 -1.00000000 0.00000000 14575.24080000 50.26621017
31130 0.05000000 15973.43910000 22.20339592 1.10437707 0.02762676 392.11100000 20.52198807 14980.27300000 166.44070332 -1.00000000 0.00000000 14509.65840000 51.27081606
30802 0.06000000 15955.31630000 22.69136276 1.10815083 0.02783731 408.71650000 20.95619822 14669.14150000 164.37902702 -1.00000000 0.00000000 14441.66710000 52.32617969
30474 0.07000000 15936.42040000 23.28462757 1.11192013 0.02796505 425.99540000 21.42471658 14358.68440000 162.26439526 -1.00000000 0.00000000 14371.29590000 53.34785978
30147 0.08000000 15916.55930000 23.85149414 1.11609487 0.02815967 444.06660000 21.88147263 14049.00360000 160.18399820 -1.00000000 0.00000000 14298.36360000 54.59271409
29819 0.09000000 15895.70860000 24.33906582 1.12052910 0.02851896 462.96890000 22.25372453 13740.15890000 158.13026835 -1.00000000 0.00000000 14222.36620000 55.80302765
29491 0.10000000 15873.96810000 24.91980301 1.12487200 0.02861262 482.64580000 22.71132587 13432.09680000 156.09384664 -1.00000000 0.00000000 14143.58700000 57.05120257
29164 0.11000000 15851.19020000 25.52126089 1.12949014 0.02869464 503.17510000 23.20709583 13124.87710000 153.96152380 -1.00000000 0.00000000 14061.75730000 58.23611544
28836 0.12000000 15827.33980000 26.11211060 1.13437788 0.02886923 524.58400000 23.68440075 12818.62100000 151.85775462 -1.00000000 0.00000000 13976.66780000 59.41016075
28508 0.13000000 15802.27130000 26.84810568 1.13951172 0.02914809 547.01420000 24.24902472 12513.25120000 149.63975509 -1.00000000 0.00000000 13888.38920000 60.60992559
28180 0.14000000 15776.09820000 27.58820523 1.14488998 0.02944859 570.32490000 24.82458390 12208.82490000 147.53867902 -1.00000000 0.00000000 13796.84470000 61.66623431
27853 0.15000000 15748.55830000 28.25695041 1.15043280 0.02968433 594.78870000 25.35714004 11905.52670000 145.34402353 -1.00000000 0.00000000 13701.32180000 62.73177163
27525 0.16000000 15719.66070000 28.91591929 1.15634207 0.02989125 620.31830000 25.84956102 11603.31130000 143.22958934 -1.00000000 0.00000000 13602.38780000 63.92141743
27197 0.17000000 15689.43350000 29.70419855 1.16223281 0.03011751 646.98410000 26.42586384 11302.23810000 141.07286261 -1.00000000 0.00000000 13499.64430000 65.17712316
26870 0.18000000 15657.57380000 30.41038692 1.16875558 0.03039640 674.89780000 26.89021873 11002.41980000 139.02609609 -1.00000000 0.00000000 13392.68330000 66.57823118
26542 0.19000000 15624.28060000 31.27654210 1.17524616 0.03069377 703.98670000 27.50672618 10703.76970000 136.79406977 -1.00000000 0.00000000 13281.66550000 67.88465395
26214 0.20000000 15589.29760000 32.09720015 1.18216170 0.03106986 734.38990000 28.13084095 10406.42290000 134.66517488 -1.00000000 0.00000000 13166.19150000 69.42831740
25887 0.21000000 15552.66530000 32.86662893 1.18949036 0.03157973 766.06570000 28.64524461 10110.34770000 132.55995481 -1.00000000 0.00000000 13045.99000000 70.84095245
25559 0.22000000 15514.05620000 33.74765076 1.19714412 0.03201146 799.26950000 29.28971592 9815.81950000 130.37681516 -1.00000000 0.00000000 12920.99770000 72.39794639
25231 0.23000000 15473.74800000 34.67433528 1.20467638 0.03214816 833.85100000 29.98004468 9522.64900000 128.13928893 -1.00000000 0.00000000 12790.94690000 73.81800858
24904 0.24000000 15431.20600000 35.59214582 1.21286993 0.03235965 870.08300000 30.58180236 9231.14300000 125.88637293 -1.00000000 0.00000000 12655.66260000 75.07541670
24576 0.25000000 15386.65850000 36.44615357 1.22131602 0.03265108 907.86870000 31.17536609 8941.17670000 123.75090426 -1.00000000 0.00000000 12514.71740000 76.77528106
24248 0.26000000 15339.70720000 37.56122140 1.23050499 0.03322473 947.39180000 31.94289166 8652.96180000 121.44831868 -1.00000000 0.00000000 12367.88690000 78.43431075
23921 0.27000000 15290.29990000 38.48107118 1.24015805 0.03368253 988.71800000 32.58726544 8366.55400000 119.05764048 -1.00000000 0.00000000 12214.81110000 80.20304526
23593 0.28000000 15238.31620000 39.44803458 1.24997638 0.03420510 1032.01360000 33.17277888 8082.10460000 116.89821375 -1.00000000 0.00000000 12055.25740000 81.82701822
23265 0.29000000 15183.64530000 40.36308965 1.26036320 0.03450185 1077.27450000 33.80192016 7799.62250000 114.58909049 -1.00000000 0.00000000 11889.11150000 83.42694453
22938 0.30000000 15126.16530000 41.49124158 1.27111595 0.03478632 1124.53480000 34.58340918 7519.11780000 112.24393076 -1.00000000 0.00000000 11715.72420000 85.31445944
22610 0.31000000 15065.35900000 42.78994060 1.28266400 0.03587963 1174.17530000 35.28780941 7241.03330000 110.05642749 -1.00000000 0.00000000 11534.53760000 87.22018071
22282 0.32000000 15001.63170000 43.95854741 1.29470886 0.03655100 1225.84290000 35.98388950 6964.96290000 107.77884000 -1.00000000 0.00000000 11345.54430000 89.00974054
21955 0.33000000 14934.26820000 44.98788125 1.30751242 0.03704360 1280.02570000 36.60344001 6691.41370000 105.49357725 -1.00000000 0.00000000 11148.54790000 91.21323528
21627 0.34000000 14863.22280000 46.04710408 1.32116483 0.03797980 1336.70460000 37.14152243 6420.34360000 103.29172792 -1.00000000 0.00000000 10942.66660000 93.24393647
21299 0.35000000 14788.22560000 47.41441255 1.33557000 0.03861089 1396.07360000 37.85036655 6151.96660000 100.99451903 -1.00000000 0.00000000 10727.16830000 95.25758540
20972 0.36000000 14709.21070000 48.63978709 1.35065185 0.03956482 1458.20480000 38.54854155 5886.34880000 98.70479321 -1.00000000 0.00000000 10501.93780000 97.47868044
20644 0.37000000 14625.92630000 49.80415759 1.36632483 0.04027555 1523.13900000 39.19643498 5623.61900000 96.39931494 -1.00000000 0.00000000 10266.11950000 99.78207287
20316 0.38000000 14537.69240000 51.35390058 1.38341848 0.04138095 1591.20260000 40.08136231 5363.86760000 93.95385465 -1.00000000 0.00000000 10019.48140000 102.36332194
19988 0.39000000 14444.42490000 52.76631490 1.40124927 0.04262478 1662.58480000 40.79585076 5107.51580000 91.59513588 -1.00000000 0.00000000 9761.16980000 105.26789492
19661 0.40000000 14345.91490000 54.15619584 1.42026200 0.04376792 1737.28650000 41.51582559 4854.47550000 89.30366350 -1.00000000 0.00000000 9490.89460000 108.44326851
19333 0.41000000 14241.34080000 55.69219710 1.44067743 0.04528461 1815.72170000 42.15233720 4605.16170000 86.99261190 -1.00000000 0.00000000 9207.51370000 110.91411004
19005 0.42000000 14130.84960000 57.38258670 1.46227308 0.04658126 1897.73190000 42.83585080 4359.45290000 84.57185242 -1.00000000 0.00000000 8910.10590000 113.80749492
18678 0.43000000 14013.91470000 59.28610384 1.48534393 0.04808319 1983.59420000 43.66450258 4117.53520000 82.28984094 -1.00000000 0.00000000 8598.22270000 116.75972503
18350 0.44000000 13889.85290000 60.91272689 1.51006176 0.05009963 2073.61690000 44.24323090 3879.82490000 79.96570697 -1.00000000 0.00000000 8270.66750000 119.93952848
18022 0.45000000 13758.34830000 62.53307146 1.53635480 0.05199456 2167.97580000 44.82909746 3646.43480000 77.67505320 -1.00000000 0.00000000 7926.20820000 122.80680927
17695 0.46000000 13618.70120000 64.38497854 1.56473203 0.05433649 2266.92370000 45.33198184 3417.64070000 75.41026770 -1.00000000 0.00000000 7564.66780000 126.45908363
17367 0.47000000 13470.50900000 66.36596841 1.59563857 0.05686667 2370.44210000 45.88471410 3193.44310000 73.14511866 -1.00000000 0.00000000 7184.28770000 129.95126187
17039 0.48000000 13312.80120000 68.53438389 1.62886601 0.05949338 2479.17760000 46.58448100 2974.42160000 70.70213669 -1.00000000 0.00000000 6784.26900000 134.26315764
16712 0.49000000 13145.03830000 71.00468998 1.66421691 0.06228522 2593.24290000 47.07072832 2760.73090000 68.32002084 -1.00000000 0.00000000 6363.42560000 138.73830148
16384 0.50000000 12966.29510000 73.19526741 1.70310859 0.06565242 2712.79450000 47.67368821 2552.56050000 66.03124679 -1.00000000 0.00000000 5920.59940000 142.93104788
16056 0.51000000 12776.12250000 75.41256393 1.74548263 0.06902726 2838.18860000 48.25918488 2350.19860000 63.66920555 -1.00000000 0.00000000 5454.74170000 148.03046674
15729 0.52000000 12572.96500000 78.07510965 1.79171451 0.07277991 2969.75380000 48.84241542 2154.01680000 61.28265231 -1.00000000 0.00000000 4964.89350000 152.72036311
15401 0.53000000 12356.20970000 81.35672202 1.84190797 0.07788883 3107.85250000 49.39078749 1964.38950000 58.95667883 -1.00000000 0.00000000 4450.88410000 158.56535045
15073 0.54000000 12124.33960000 84.74119883 1.89813437 0.08283595 3252.71730000 50.03828498 1781.51230000 56.44559203 -1.00000000 0.00000000 3911.51590000 164.09083072
14746 0.55000000 11876.41130000 88.08555976 1.95969758 0.08935327 3404.72060000 50.55616608 1605.76660000 54.04408571 -1.00000000 0.00000000 3349.20500000 169.28138821
14418 0.56000000 11611.24510000 91.84403714 2.02827356 0.09682035 3563.96730000 50.99270984 1437.28030000 51.57704675 -1.00000000 0.00000000 2764.38440000 175.58870800
14090 0.57000000 11327.01910000 96.02600916 2.10425296 0.10604929 3731.06410000 51.45731024 1276.60710000 48.95615590 -1.00000000 0.00000000 2164.57860000 181.53785066
13763 0.58000000 11021.66400000 100.53745413 2.19078696 0.11722774 3906.29440000 51.92165747 1124.10840000 46.47917040 -1.00000000 0.00000000 1559.47650000 187.64302022
13435 0.59000000 10693.43260000 106.16137000 2.28802782 0.13027041 4090.04560000 52.38099939 980.11060000 43.93968181 -1.00000000 0.00000000 971.81500000 190.22301558
13107 0.60000000 10340.74160000 112.79193336 2.39947257 0.14712596 4282.50370000 52.66516447 844.82670000 41.23244449 -1.00000000 0.00000000 448.88580000 178.38208984
12780 0.61000000 9960.17880000 119.51904162 2.52825900 0.16742841 4484.28030000 52.80673430 718.86930000 38.67844128 -1.00000000 0.00000000 107.61180000 102.57006270
12452 0.62000000 9551.08560000 126.54604088 2.67473225 0.19195708 4695.70780000 52.91671794 602.60480000 36.06653430 -1.00000000 0.00000000 16.01100000 27.77647624
12124 0.63000000 9107.50290000 135.96259255 2.84835698 0.21885213 4917.16740000 53.06300355 496.27740000 33.34835319 -1.00000000 0.00000000 4.42230000 8.48937982
11796 0.64000000 8627.86580000 145.59601234 3.05604172 0.26061029 5148.86040000 52.99644492 400.22140000 30.62304621 -1.00000000 0.00000000 2.10700000 4.42783373
11469 0.65000000 8107.76670000 159.01855791 3.30704464 0.31964935 5391.13680000 53.04884639 314.75180000 27.76117910 -1.00000000 0.00000000 1.24110000 3.01082668
11141 0.66000000 7542.55850000 173.95808207 3.61878031 0.39336629 5643.89100000 52.91944790 239.75700000 24.80113023 -1.00000000 0.00000000 0.80340000 2.20672504
10813 0.67000000 6927.74670000 194.54786770 4.01828697 0.51548767 5907.39080000 52.49894751 175.53480000 21.65288142 -1.00000000 0.00000000 0.55150000 1.70887091
10486 0.68000000 6255.98530000 221.17066155 4.55344200 0.71260605 6181.87220000 52.17305885 122.26820000 18.53224253 -1.00000000 0.00000000 0.36780000 1.31586333
10158 0.69000000 5519.12420000 253.91550304 5.30555704 1.07555746 6467.10830000 51.66680479 79.77930000 15.52125905 -1.00000000 0.00000000 0.26800000 1.07995029
9830 0.70000000 4709.71050000 301.41406791 6.39734703 1.69193904 6762.58640000 50.97538410 47.49240000 12.29289444 -1.00000000 0.00000000 0.19280000 0.89359275
9503 0.71000000 3807.32080000 381.89033309 8.41647968 4.32820014 7067.86580000 50.28999203 25.02880000 9.05948001 -1.00000000 0.00000000 0.12640000 0.69819180
9175 0.72000000 2760.12750000 546.78487160 13.82189709 12.56623282 7381.85780000 49.41348954 11.28580000 5.85355830 -1.00000000 0.00000000 0.09800000 0.61109193
8847 0.73000000 1657.53260000 608.27741441 19.80593314 12.96602036 7702.85060000 48.25128287 4.53460000 3.17380058 -1.00000000 0.00000000 0.06960000 0.50078031
8520 0.74000000 838.87040000 425.01608543 19.23978603 7.58320099 8028.03420000 46.75997305 1.98020000 1.66801864 -1.00000000 0.00000000 0.05360000 0.43651586
8192 0.75000000 438.17330000 232.24552669 14.26756985 3.55117080 8354.89430000 45.03122371 1.08830000 1.10472854 -1.00000000 0.00000000 0.03910000 0.37334318
7864 0.76000000 258.71830000 126.89697486 10.28246293 1.77131803 8682.25180000 43.24166718 0.70780000 0.86179663 -1.00000000 0.00000000 0.02720000 0.30703353
7537 0.77000000 168.26910000 72.48968727 7.74650588 0.95682831 9009.79110000 41.40886536 0.50510000 0.71416034 -1.00000000 0.00000000 0.01860000 0.24992056
7209 0.78000000 119.01440000 45.77064657 6.11787227 0.56056000 9337.40580000 39.56970941 0.37780000 0.61798491 -1.00000000 0.00000000 0.01300000 0.20793105
6881 0.79000000 88.80930000 31.20008779 5.01816110 0.35983689 9665.06650000 37.73812256 0.28750000 0.54025266 -1.00000000 0.00000000 0.00920000 0.17239006
6554 0.80000000 69.06150000 22.31813450 4.23329292 0.23723203 9992.75330000 35.89799863 0.22430000 0.47266463 -1.00000000 0.00000000 0.00550000 0.12989010
6226 0.81000000 55.21410000 16.71426929 3.65204233 0.16230605 10320.44380000 34.05146681 0.17580000 0.42155917 -1.00000000 0.00000000 0.00400000 0.11128899
5898 0.82000000 45.00230000 12.79065498 3.20819418 0.11569459 10648.12350000 32.22156841 0.13350000 0.36700302 -1.00000000 0.00000000 0.00310000 0.09844470
5571 0.83000000 37.38390000 10.04937907 2.85706357 0.08456769 10975.84200000 30.37181063 0.10300000 0.31937627 -1.00000000 0.00000000 0.00220000 0.08364126
5243 0.84000000 31.46200000 7.96261869 2.57304518 0.06292134 11303.56230000 28.52868920 0.07830000 0.27852624 -1.00000000 0.00000000 0.00160000 0.07209688
4915 0.85000000 26.76280000 6.47828164 2.33909330 0.04759922 11631.30570000 26.67908216 0.05970000 0.24277933 -1.00000000 0.00000000 0.00160000 0.07209688
4588 0.86000000 22.95470000 5.31822116 2.14344730 0.03623751 11959.02870000 24.86233879 0.04570000 0.21264062 -1.00000000 0.00000000 0.00130000 0.06556478
4260 0.87000000 19.79630000 4.33881192 1.97758817 0.02800847 12286.69700000 23.00358467 0.03700000 0.19140184 -1.00000000 0.00000000 0.00060000 0.04242429
3932 0.88000000 17.21730000 3.57331185 1.83518332 0.02173649 12614.47670000 21.17447267 0.02870000 0.16875769 -1.00000000 0.00000000 0.00060000 0.04242429
3604 0.89000000 15.05990000 3.03239699 1.71162085 0.01691923 12942.21740000 19.32938953 0.02040000 0.14277913 -1.00000000 0.00000000 0.00060000 0.04242429
3277 0.90000000 13.15160000 2.52294549 1.60348392 0.01321071 13269.95050000 17.49889342 0.01450000 0.11954572 -1.00000000 0.00000000 0.00000000 0.00000000
2949 0.91000000 11.52990000 2.15331597 1.50799359 0.01025839 13597.69270000 15.64594344 0.00970000 0.09801465 -1.00000000 0.00000000 0.00000000 0.00000000
2621 0.92000000 10.11120000 1.81404621 1.42320440 0.00789529 13925.43100000 13.80649488 0.00600000 0.07723080 -1.00000000 0.00000000 0.00000000 0.00000000
2294 0.93000000 8.88070000 1.53691370 1.34727871 0.00603276 14253.17500000 11.97154571 0.00400000 0.06312209 -1.00000000 0.00000000 0.00000000 0.00000000
1966 0.94000000 7.75890000 1.29651027 1.27899173 0.00455990 14580.91040000 10.12220419 0.00240000 0.04893342 -1.00000000 0.00000000 0.00000000 0.00000000
1638 0.95000000 6.75240000 1.09563419 1.21723481 0.00332113 14908.64900000 8.28250318 0.00100000 0.03160854 -1.00000000 0.00000000 0.00000000 0.00000000
1311 0.96000000 5.81930000 0.93868825 1.16114862 0.00228821 15236.39370000 6.45108223 0.00070000 0.02644957 -1.00000000 0.00000000 0.00000000 0.00000000
983 0.97000000 4.93030000 0.79088840 1.11001009 0.00145515 15564.13320000 4.60701424 0.00020000 0.01414143 -1.00000000 0.00000000 0.00000000 0.00000000
655 0.98000000 4.05850000 0.59001065 1.06313891 0.00078259 15891.90700000 2.76751096 0.00000000 0.00000000 -1.00000000 0.00000000 0.00000000 0.00000000
328 0.99000000 3.04260000 0.35156450 1.02008557 0.00023104 16219.64200000 0.95285193 0.00000000 0.00000000 -1.00000000 0.00000000 0.00000000 0.00000000
0 1.00000000 1.00000000 0.00000000 1.00000000 0.00000000 16384.00000000 0.00000000 0.00000000 0.00000000 -1.00000000 0.00000000 0.00000000 0.00000000
