# Link Removal Percolation Results (Averaged)
# N=65536 M=131072
# M_graphs=100 M_realizations=10 Total_runs=1000
# Columns:
#(1) edges_remaining (2) frac_removed
#(3) gc_mean (4) gc_std
#(5) small_mean (6) small_std
#(7) comp_mean (8) comp_std
#(9) cycles_mean (10) cycles_std
#(11) lambda1_mean (12) lambda1_std
#(13) core_mean (14) core_std
131072 0.00000000 64203.82400000 35.81135962 1.08876471 0.01375889 1278.82300000 33.50815524 66108.56300000 364.46553631 -1.00000000 0.00000000 59126.64000000 85.81441904
129761 0.01000000 64145.58200000 36.61073096 1.09217853 0.01375448 1332.76300000 34.22192237 64852.30300000 360.02936037 -1.00000000 0.00000000 59013.04200000 86.69751262
128451 0.02000000 64084.65600000 37.60411857 1.09555369 0.01394739 1389.11700000 34.90343193 63598.43700000 355.82404751 -1.00000000 0.00000000 58778.25800000 88.64341538
127140 0.03000000 64021.13400000 38.26327380 1.09922830 0.01385647 1447.55400000 35.48555070 62346.72400000 351.71352010 -1.00000000 0.00000000 58534.19800000 91.73781457
125829 0.04000000 63954.52800000 38.95151392 1.10282021 0.01372632 1508.80400000 36.00405360 61097.73400000 347.46428979 -1.00000000 0.00000000 58281.25900000 94.26236424
124518 0.05000000 63885.01300000 40.17163914 1.10623853 0.01356014 1572.73900000 37.01952626 59851.49900000 343.02213075 -1.00000000 0.00000000 58019.22700000 96.23682766
123208 0.06000000 63811.90800000 40.98562379 1.11005016 0.01347397 1639.66900000 37.71556579 58608.24900000 338.43961998 -1.00000000 0.00000000 57747.02100000 98.91990551
121897 0.07000000 63735.81100000 42.23717863 1.11389210 0.01369182 1709.18100000 38.74368739 57367.53100000 334.44126839 -1.00000000 0.00000000 57464.35200000 101.83444579
120586 0.08000000 63656.16800000 42.64371304 1.11791467 0.01359604 1781.67900000 39.05615627 56129.76900000 330.21652986 -1.00000000 0.00000000 57172.04000000 104.71126419
119276 0.09000000 63573.23400000 44.50188380 1.12223013 0.01389610 1856.88400000 40.39198010 54894.80400000 325.41580636 -1.00000000 0.00000000 56868.27700000 107.57729847
117965 0.10000000 63485.95500000 46.01441406 1.12647704 0.01407973 1935.91100000 41.64912639 53663.61100000 320.86278470 -1.00000000 0.00000000 56553.74700000 110.88273072
116654 0.11000000 63394.27300000 47.47011568 1.13102988 0.01405968 2018.58800000 42.79083209 52436.09800000 316.04612250 -1.00000000 0.00000000 56226.06200000 114.04048135
115343 0.12000000 63298.53000000 48.75756762 1.13614394 0.01451301 2104.35200000 43.70077635 51211.68200000 311.62884239 -1.00000000 0.00000000 55886.22000000 116.89646009
114033 0.13000000 63198.37300000 49.41088247 1.14118178 0.01461716 2193.93700000 44.24471297 49991.03700000 307.45892835 -1.00000000 0.00000000 55532.80500000 120.05914865
112722 0.14000000 63093.19100000 50.43530747 1.14635576 0.01471472 2287.72100000 45.04544651 48774.63100000 303.14125331 -1.00000000 0.00000000 55166.20600000 123.72830014
111411 0.15000000 62982.90900000 52.37833721 1.15207680 0.01513216 2385.51500000 46.63089336 47562.21500000 298.43147307 -1.00000000 0.00000000 54785.60600000 126.66018145
110100 0.16000000 62867.05000000 54.02167937 1.15790035 0.01537836 2487.86400000 47.67221564 46354.36400000 293.71897852 -1.00000000 0.00000000 54389.94800000 129.73554875
108790 0.17000000 62745.60200000 55.72580157 1.16375939 0.01537924 2594.88600000 49.17693947 45151.21600000 289.25637866 -1.00000000 0.00000000 53979.64700000 132.41019164
107479 0.18000000 62618.49600000 57.84705927 1.16975769 0.01529586 2706.43500000 50.98072979 43952.57500000 284.58754443 -1.00000000 0.00000000 53551.96600000 135.47551978
106168 0.19000000 62485.97000000 59.23203131 1.17607407 0.01526745 2822.34600000 52.02723438 42758.24600000 279.56520203 -1.00000000 0.00000000 53106.62800000 136.96998355
104858 0.20000000 62345.65800000 61.33250943 1.18303288 0.01520627 2944.18000000 53.38465624 41569.85000000 275.24636248 -1.00000000 0.00000000 52644.35900000 141.74352665
103547 0.21000000 62199.35700000 63.66766151 1.19000661 0.01523915 3070.86900000 54.99478398 40386.34900000 270.18120416 -1.00000000 0.00000000 52163.76000000 144.35586935
102236 0.22000000 62045.02200000 66.47092522 1.19734604 0.01540812 3203.79700000 57.45485925 39209.05700000 265.20812412 -1.00000000 0.00000000 51663.24800000 146.97521631
100925 0.23000000 61882.78600000 68.07055019 1.20541064 0.01585562 3342.50700000 58.38505601 38037.58700000 261.20234512 -1.00000000 0.00000000 51142.11700000 150.35700363
99615 0.24000000 61713.02400000 69.74499113 1.21381103 0.01621918 3486.97200000 59.44876257 36871.85200000 256.32980526 -1.00000000 0.00000000 50599.37400000 155.28159098
98304 0.25000000 61534.06300000 72.63344029 1.22233892 0.01640172 3638.61500000 61.51540392 35713.28500000 251.35716062 -1.00000000 0.00000000 50034.51300000 158.94078143
96993 0.26000000 61346.45000000 74.96461294 1.23143759 0.01648391 3796.58600000 63.00118851 34561.02600000 246.62679112 -1.00000000 0.00000000 49446.70300000 161.82750363
95683 0.27000000 61148.71900000 76.95501357 1.24101710 0.01661889 3961.96800000 64.15430423 33416.21800000 242.52124656 -1.00000000 0.00000000 48833.59800000 167.27000224
94372 0.28000000 60940.69900000 79.84109844 1.25084495 0.01689365 4135.20200000 65.59060393 32279.26200000 237.81203906 -1.00000000 0.00000000 48195.42400000 172.90354496
93061 0.29000000 60723.29700000 81.69258516 1.26105601 0.01695479 4315.22400000 66.86536324 31149.10400000 232.83095894 -1.00000000 0.00000000 47529.19400000 177.08438453
91750 0.30000000 60492.62600000 83.72228822 1.27189821 0.01762848 4505.02900000 67.79167995 30028.67900000 228.42783814 -1.00000000 0.00000000 46834.33200000 181.38515471
90440 0.31000000 60249.60100000 86.25418009 1.28319959 0.01795622 4703.54700000 69.25591796 28916.98700000 223.68668840 -1.00000000 0.00000000 46109.48200000 185.52295395
89129 0.32000000 59993.43900000 88.61184084 1.29524885 0.01835504 4911.21700000 70.61050740 27814.49700000 219.06915183 -1.00000000 0.00000000 45354.91300000 187.81842613
87818 0.33000000 59725.00800000 89.76203629 1.30766001 0.01830710 5127.83400000 71.40314316 26720.91400000 214.77482355 -1.00000000 0.00000000 44565.46600000 191.27393069
86508 0.34000000 59439.79200000 92.92978360 1.32124284 0.01865086 5355.45000000 73.02453069 25638.34000000 209.28234397 -1.00000000 0.00000000 43741.74200000 196.74470238
85197 0.35000000 59139.68700000 94.86758609 1.33540078 0.01919143 5593.37100000 74.13144292 24566.04100000 204.81403787 -1.00000000 0.00000000 42877.84900000 203.33942835
83886 0.36000000 58823.33500000 96.60141100 1.35042441 0.01984601 5841.87000000 75.71245258 23504.31000000 200.41181301 -1.00000000 0.00000000 41975.80300000 208.92238931
82575 0.37000000 58488.66100000 100.06957579 1.36644184 0.02005419 6102.54500000 77.58954899 22454.87500000 195.18003130 -1.00000000 0.00000000 41030.85900000 213.13163588
81265 0.38000000 58134.07000000 104.28427643 1.38349389 0.02058308 6375.81200000 79.55269503 21417.87200000 190.08762432 -1.00000000 0.00000000 40042.23100000 218.69245993
79954 0.39000000 57760.50200000 108.01693225 1.40159542 0.02143052 6661.50200000 81.38957094 20393.38200000 185.33817825 -1.00000000 0.00000000 39010.04700000 222.78490951
78643 0.40000000 57365.63100000 111.58120453 1.42072744 0.02228850 6960.88900000 82.97261677 19382.52900000 180.94883155 -1.00000000 0.00000000 37927.81600000 226.45636805
77332 0.41000000 56946.35200000 115.58947626 1.44153228 0.02278007 7275.08200000 85.44114621 18386.50200000 176.47417128 -1.00000000 0.00000000 36791.82200000 233.34272035
76022 0.42000000 56505.42100000 119.85783103 1.46287021 0.02358687 7602.71900000 87.41295707 17403.90900000 171.33275703 -1.00000000 0.00000000 35603.25900000 240.59590252
74711 0.43000000 56036.05500000 123.90449669 1.48618182 0.02405042 7946.73700000 89.13116287 16437.71700000 166.29135794 -1.00000000 0.00000000 34354.89400000 247.44494694
73400 0.44000000 55540.52000000 127.45681951 1.51065154 0.02542478 8306.39800000 90.41834478 15487.14800000 161.39091400 -1.00000000 0.00000000 33044.30100000 254.53701006
72090 0.45000000 55015.41700000 131.12056175 1.53676853 0.02588472 8683.11500000 92.45485209 14553.75500000 156.66959608 -1.00000000 0.00000000 31667.53100000 260.95041322
70779 0.46000000 54453.93700000 134.83531285 1.56561884 0.02669824 9079.81500000 94.09067877 13640.25500000 152.12924532 -1.00000000 0.00000000 30218.72700000 265.36440367
69468 0.47000000 53859.26000000 140.03498919 1.59618284 0.02783205 9495.24300000 96.40629712 12745.48300000 147.41438434 -1.00000000 0.00000000 28693.88600000 268.63003015
68157 0.48000000 53226.97100000 146.25291133 1.62912253 0.02883563 9930.90400000 98.69506320 11870.90400000 141.63956563 -1.00000000 0.00000000 27091.77600000 274.39946226
66847 0.49000000 52554.95100000 150.83901023 1.66551658 0.03078756 10387.14800000 100.11332966 11016.93800000 137.08072542 -1.00000000 0.00000000 25408.84900000 281.79477016
65536 0.50000000 51838.11800000 155.73353849 1.70491526 0.03318770 10866.38800000 101.25114938 10185.95800000 132.43778918 -1.00000000 0.00000000 23633.17900000 294.66576468
64225 0.51000000 51076.34700000 161.92469298 1.74724176 0.03559712 11368.32300000 102.59450425 9377.68300000 127.29802551 -1.00000000 0.00000000 21772.23500000 305.22239512
62915 0.52000000 50261.45400000 165.36093893 1.79352432 0.03629703 11895.32200000 103.90496888 8594.46200000 122.37676507 -1.00000000 0.00000000 19812.40200000 311.12878928
61604 0.53000000 49392.75200000 171.73110396 1.84436280 0.03782123 12448.21000000 104.88663932 7837.13000000 117.67993741 -1.00000000 0.00000000 17755.64900000 323.49809090
60293 0.54000000 48463.26400000 180.37809890 1.90133476 0.04149888 13027.78500000 106.03105847 7106.50500000 112.72533422 -1.00000000 0.00000000 15607.76400000 334.17430297
58982 0.55000000 47469.52900000 186.95443059 1.96262137 0.04453851 13636.32800000 107.42234393 6404.93800000 107.96117715 -1.00000000 0.00000000 13350.29200000 340.24400468
57672 0.56000000 46407.97300000 192.58577193 2.03131496 0.04877174 14274.35600000 108.41151378 5732.73600000 103.11203808 -1.00000000 0.00000000 11017.86200000 350.67845719
56361 0.57000000 45270.57800000 198.30338915 2.10744916 0.05308397 14942.71900000 108.82358481 5090.90900000 97.77440643 -1.00000000 0.00000000 8625.98100000 363.59070786
55050 0.58000000 44048.34600000 205.70992406 2.19303030 0.05793739 15643.81900000 109.50492943 4481.75900000 93.10528187 -1.00000000 0.00000000 6200.39500000 369.21961229
53740 0.59000000 42740.86100000 215.50619620 2.28823888 0.06667431 16379.05800000 108.43193312 3906.77800000 88.77363051 -1.00000000 0.00000000 3842.34200000 377.73321461
52429 0.60000000 41336.14200000 228.49101510 2.39634185 0.07108655 17148.63800000 109.80975885 3366.11800000 83.85233026 -1.00000000 0.00000000 1741.45400000 357.76440747
51118 0.61000000 39817.83400000 241.61375302 2.52254368 0.08161945 17955.63000000 109.81695162 2862.93000000 78.57386940 -1.00000000 0.00000000 299.72600000 235.89279416
49807 0.62000000 38175.56400000 257.83030149 2.67185958 0.09381354 18801.56100000 110.65703438 2398.71100000 73.12715679 -1.00000000 0.00000000 15.44900000 27.92090572
48497 0.63000000 36405.99200000 275.74015407 2.84747276 0.11516217 19687.54600000 110.65060977 1974.46600000 67.48308537 -1.00000000 0.00000000 3.99100000 6.82814342
47186 0.64000000 34491.60900000 290.61641733 3.04964703 0.13062988 20614.37900000 110.33358899 1591.06900000 61.22614539 -1.00000000 0.00000000 1.88300000 4.05780443
45875 0.65000000 32417.13500000 316.82937305 3.29442766 0.15249273 21583.01900000 110.60358852 1249.48900000 56.39897804 -1.00000000 0.00000000 1.12500000 2.72705185
44564 0.66000000 30158.80500000 349.52143598 3.60679268 0.18809074 22594.36900000 110.10814976 950.64900000 51.21709666 -1.00000000 0.00000000 0.77300000 2.16798782
43254 0.67000000 27695.69700000 390.11301357 4.01124348 0.25925319 23648.64700000 108.70604120 694.74700000 45.00796271 -1.00000000 0.00000000 0.54900000 1.81683788
41943 0.68000000 25027.92600000 442.69892575 4.51007104 0.32663719 24746.20700000 107.34173652 482.12700000 39.24598219 -1.00000000 0.00000000 0.35800000 1.25913519
40632 0.69000000 22086.50500000 503.38337756 5.23971731 0.47840567 25886.67000000 105.45316244 312.38000000 32.30469305 -1.00000000 0.00000000 0.26700000 1.03961137
39322 0.70000000 18887.54800000 603.25479695 6.27846328 0.78625991 27067.88000000 104.49852411 183.36000000 24.80894766 -1.00000000 0.00000000 0.20600000 0.91016064
38011 0.71000000 15345.23200000 750.45256294 7.96396858 1.38301250 28287.94500000 102.92744062 93.24500000 17.90859271 -1.00000000 0.00000000 0.14500000 0.73383480
36700 0.72000000 11389.72000000 972.68876782 11.30871501 3.56607333 29542.51100000 101.06170069 37.64100000 11.73285041 -1.00000000 0.00000000 0.11500000 0.65590030
35389 0.73000000 6896.95900000 1554.32824642 22.72919473 19.81145006 30825.98000000 99.15447145 10.90000000 5.97743505 -1.00000000 0.00000000 0.07700000 0.52853604
34079 0.74000000 2582.94300000 1285.76176918 32.52899656 15.42674636 32128.04800000 96.20772122 2.73800000 2.14475079 -1.00000000 0.00000000 0.04600000 0.39247680
32768 0.75000000 953.18400000 532.21567966 20.05709442 4.41722717 33436.65000000 92.43236036 1.13000000 1.12087303 -1.00000000 0.00000000 0.03200000 0.32105931
31457 0.76000000 444.31800000 208.84002258 12.56144186 1.67305392 34746.41400000 88.65807836 0.69400000 0.83968391 -1.00000000 0.00000000 0.01800000 0.23179674
30147 0.77000000 261.29100000 102.86798404 8.74827894 0.76784889 36056.34700000 84.92835461 0.46700000 0.67776867 -1.00000000 0.00000000 0.01500000 0.21170692
28836 0.78000000 172.22800000 58.70395362 6.62034809 0.38719442 37366.47200000 81.19613309 0.35200000 0.58689048 -1.00000000 0.00000000 0.01200000 0.18945156
27525 0.79000000 123.53700000 36.02760913 5.29476426 0.23274670 38676.56900000 77.44919378 0.25900000 0.50811138 -1.00000000 0.00000000 0.01200000 0.18945156
26214 0.80000000 93.44300000 24.68582875 4.40017110 0.14644923 39986.72400000 73.65255272 0.18400000 0.41511001 -1.00000000 0.00000000 0.00900000 0.16415220
24904 0.81000000 73.28800000 18.66942965 3.75735900 0.09838012 41296.92100000 69.89429140 0.14100000 0.36503733 -1.00000000 0.00000000 0.00900000 0.16415220
23593 0.82000000 59.01100000 14.17461812 3.27813016 0.06845767 42607.05900000 66.12132446 0.10900000 0.31815125 -1.00000000 0.00000000 0.00900000 0.16415220
22282 0.83000000 48.56800000 11.26935554 2.90490369 0.04998529 43917.22600000 62.31756095 0.08600000 0.28405050 -1.00000000 0.00000000 0.00600000 0.13409691
20972 0.84000000 40.14700000 8.81232365 2.60632278 0.03591026 45227.40300000 58.53982834 0.06300000 0.24308453 -1.00000000 0.00000000 0.00300000 0.09486833
19661 0.85000000 33.82500000 7.28185419 2.36285916 0.02694379 46537.59900000 54.75659306 0.04900000 0.21597603 -1.00000000 0.00000000 0.00300000 0.09486833
18350 0.86000000 28.55000000 5.57050541 2.16076070 0.02081667 47847.77500000 50.95211962 0.03500000 0.18387172 -1.00000000 0.00000000 0.00300000 0.09486833
17039 0.87000000 24.32000000 4.43838927 1.99053086 0.01608568 49157.87700000 47.20504409 0.02700000 0.16216441 -1.00000000 0.00000000 0.00300000 0.09486833
15729 0.88000000 20.89000000 3.64186260 1.84458786 0.01232330 50468.17100000 43.44471432 0.02100000 0.14345585 -1.00000000 0.00000000 0.00300000 0.09486833
14418 0.89000000 18.17400000 3.03989555 1.71887621 0.00976217 51778.35300000 39.68999479 0.01300000 0.11333068 -1.00000000 0.00000000 0.00000000 0.00000000
13107 0.90000000 15.87900000 2.59366268 1.60903967 0.00739778 53088.57100000 35.89949488 0.01100000 0.10435464 -1.00000000 0.00000000 0.00000000 0.00000000
11796 0.91000000 13.88700000 2.23589585 1.51229860 0.00571245 54398.74000000 32.14211436 0.01000000 0.09954853 -1.00000000 0.00000000 0.00000000 0.00000000
10486 0.92000000 12.01500000 1.88847593 1.42642391 0.00425260 55708.97400000 28.33768424 0.00400000 0.06315052 -1.00000000 0.00000000 0.00000000 0.00000000
9175 0.93000000 10.44700000 1.58167402 1.34978582 0.00327327 57019.22100000 24.56908217 0.00100000 0.03162278 -1.00000000 0.00000000 0.00000000 0.00000000
7864 0.94000000 9.08500000 1.36441806 1.28084363 0.00248132 58329.40000000 20.77092755 0.00000000 0.00000000 -1.00000000 0.00000000 0.00000000 0.00000000
6554 0.95000000 7.82900000 1.06437394 1.21858697 0.00174522 59639.57000000 16.97448772 0.00000000 0.00000000 -1.00000000 0.00000000 0.00000000 0.00000000
5243 0.96000000 6.76800000 0.90498342 1.16215057 0.00118648 60949.81000000 13.22909328 0.00000000 0.00000000 -1.00000000 0.00000000 0.00000000 0.00000000
3932 0.97000000 5.68400000 0.77248996 1.11066341 0.00077700 62259.94000000 9.49982351 0.00000000 0.00000000 -1.00000000 0.00000000 0.00000000 0.00000000
2621 0.98000000 4.59700000 0.64265388 1.06355124 0.00041931 63570.18000000 5.66919216 0.00000000 0.00000000 -1.00000000 0.00000000 0.00000000 0.00000000
1311 0.99000000 3.27500000 0.46646821 1.02029890 0.00012327 64880.38000000 1.93373714 0.00000000 0.00000000 -1.00000000 0.00000000 0.00000000 0.00000000
0 1.00000000 1.00000000 0.00000000 1.00000000 0.00000000 65536.00000000 0.00000000 0.00000000 0.00000000 -1.00000000 0.00000000 0.00000000 0.00000000
