# Link Removal Percolation Results (Averaged)
# N=131072 M=262144
# M_graphs=100 M_realizations=10 Total_runs=1000
# Columns:
#(1) edges_remaining (2) frac_removed
#(3) gc_mean (4) gc_std
#(5) small_mean (6) small_std
#(7) comp_mean (8) comp_std
#(9) cycles_mean (10) cycles_std
#(11) lambda1_mean (12) lambda1_std
#(13) core_mean (14) core_std
262144 0.00000000 128468.24300000 57.03382161 1.08635303 0.00944122 2501.31500000 53.09015294 132144.86500000 477.66828424 -1.00000000 0.00000000 118267.83000000 127.27891035
259523 0.01000000 128462.62900000 57.01863277 1.08697229 0.00949485 2506.06400000 53.06582597 129529.32400000 472.53860134 -1.00000000 0.00000000 118040.14100000 129.16557926
256901 0.02000000 128450.90800000 57.09908792 1.08824167 0.00957892 2515.96600000 53.06060942 126918.97600000 467.55838595 -1.00000000 0.00000000 117570.19700000 131.65779113
254280 0.03000000 128432.73900000 57.57895636 1.09025368 0.00966600 2531.26700000 53.43660901 124314.02700000 462.30431704 -1.00000000 0.00000000 117082.33600000 135.40062937
251658 0.04000000 128408.03300000 57.92221417 1.09304934 0.00984116 2551.96000000 53.65239024 121714.52000000 457.12515683 -1.00000000 0.00000000 116576.79800000 138.80124272
249037 0.05000000 128376.18400000 58.65521783 1.09665436 0.01013998 2578.61200000 54.12826734 119120.93200000 451.99878349 -1.00000000 0.00000000 116049.13500000 141.57315329
246415 0.06000000 128337.53300000 59.08751345 1.10103008 0.01045392 2610.93000000 54.36994750 116532.99000000 446.96415612 -1.00000000 0.00000000 115503.36500000 145.18360119
243794 0.07000000 128291.23100000 59.75640943 1.10630814 0.01092732 2649.40200000 54.74068815 113951.13200000 441.96300736 -1.00000000 0.00000000 114937.22900000 148.76500794
241172 0.08000000 128236.03400000 60.41387821 1.11264493 0.01118675 2695.09200000 55.16143871 111376.60200000 436.96734896 -1.00000000 0.00000000 114349.17100000 150.88472407
238551 0.09000000 128172.93500000 61.18311981 1.11949939 0.01152403 2747.39400000 55.65810443 108808.72400000 431.75209287 -1.00000000 0.00000000 113739.25600000 152.48214738
235930 0.10000000 128100.60700000 62.24512034 1.12753662 0.01215897 2806.87400000 56.14636710 106247.93400000 426.32768728 -1.00000000 0.00000000 113104.75400000 156.34534003
233308 0.11000000 128018.51200000 63.26226340 1.13645487 0.01268484 2873.99300000 56.68875167 103694.76300000 421.14613960 -1.00000000 0.00000000 112445.77400000 159.93045574
230687 0.12000000 127925.89100000 64.58527988 1.14610662 0.01356172 2949.61200000 57.68496347 101150.21200000 415.84653106 -1.00000000 0.00000000 111761.96700000 162.67863489
228065 0.13000000 127822.52500000 65.62928140 1.15643744 0.01389923 3033.80100000 58.26491396 98614.05100000 410.69521663 -1.00000000 0.00000000 111050.66500000 166.09883081
225444 0.14000000 127708.19600000 67.23030193 1.16765951 0.01452500 3126.39100000 59.50119756 96086.40100000 404.91335496 -1.00000000 0.00000000 110310.87300000 168.98206357
222822 0.15000000 127580.84100000 69.71234848 1.17992291 0.01512767 3229.01100000 60.91999774 93568.76100000 399.50072679 -1.00000000 0.00000000 109540.11100000 173.91350893
220201 0.16000000 127441.39200000 71.91334971 1.19290486 0.01570994 3340.81900000 62.48084583 91060.30900000 393.38813625 -1.00000000 0.00000000 108742.01900000 177.51216637
217580 0.17000000 127290.03500000 72.84912333 1.20608712 0.01605495 3461.91900000 63.13907651 88561.20900000 387.89902678 -1.00000000 0.00000000 107910.73600000 182.11555777
214958 0.18000000 127124.24100000 75.20264861 1.21994210 0.01667169 3593.90100000 64.53620783 86072.95100000 381.76826165 -1.00000000 0.00000000 107044.76800000 185.94993292
212337 0.19000000 126944.07200000 77.02885343 1.23416191 0.01679467 3736.77800000 65.53339104 83595.61800000 376.84588215 -1.00000000 0.00000000 106145.66100000 190.27572344
209715 0.20000000 126747.89800000 79.03904584 1.24899214 0.01704201 3891.59300000 66.67664603 81130.13300000 370.95681726 -1.00000000 0.00000000 105207.63400000 197.17906996
207094 0.21000000 126534.28500000 81.42726924 1.26503330 0.01736541 4058.79100000 68.51180326 78677.03100000 365.50441518 -1.00000000 0.00000000 104231.11500000 201.56660654
204472 0.22000000 126303.55300000 84.44281959 1.28091317 0.01774012 4239.14800000 70.06886428 76237.16800000 359.34853436 -1.00000000 0.00000000 103216.21300000 203.66097177
201851 0.23000000 126053.53100000 86.28957602 1.29743336 0.01791627 4433.33100000 71.28270943 73811.09100000 354.58562814 -1.00000000 0.00000000 102156.34200000 207.10587601
199229 0.24000000 125784.68400000 89.94231353 1.31449923 0.01834000 4640.81900000 72.83543945 71398.36900000 348.67338006 -1.00000000 0.00000000 101052.28100000 210.57164685
196608 0.25000000 125493.71500000 92.97580478 1.33221433 0.01906114 4863.69000000 74.39211038 69000.99000000 343.26950032 -1.00000000 0.00000000 99901.14000000 213.45264682
193987 0.26000000 125180.78600000 95.29647224 1.35015415 0.01911809 5102.54700000 75.80102629 66619.52700000 336.94368122 -1.00000000 0.00000000 98700.69700000 218.12595013
191365 0.27000000 124843.68900000 97.91174081 1.36835552 0.01905393 5358.46800000 77.34347412 64255.18800000 331.90353510 -1.00000000 0.00000000 97448.97100000 222.03615519
188744 0.28000000 124482.50900000 100.44890194 1.38722563 0.01906808 5630.44500000 78.67035019 61906.97500000 326.03051126 -1.00000000 0.00000000 96142.23900000 226.72297013
186122 0.29000000 124094.34300000 105.41042030 1.40652578 0.01952753 5921.02700000 80.92273327 59577.32700000 319.72696696 -1.00000000 0.00000000 94780.14000000 232.19876112
183501 0.30000000 123675.87100000 110.03131941 1.42657333 0.01930127 6231.83400000 83.40822127 57267.85400000 313.92769754 -1.00000000 0.00000000 93356.96300000 238.82174410
180879 0.31000000 123228.82000000 113.27306117 1.44702226 0.01968248 6561.78000000 85.53951490 54977.58000000 308.28146402 -1.00000000 0.00000000 91869.66700000 246.49334084
178258 0.32000000 122747.76400000 116.22822938 1.46840735 0.02013044 6913.20600000 86.78622825 52708.73600000 301.72968881 -1.00000000 0.00000000 90316.49600000 250.45599651
175636 0.33000000 122234.62400000 119.00637437 1.49006146 0.02052480 7285.85800000 87.95033313 50461.10800000 296.48646269 -1.00000000 0.00000000 88692.29500000 256.83134995
173015 0.34000000 121685.31900000 123.08845603 1.51260250 0.02035034 7681.81400000 90.48765341 48236.78400000 291.18785983 -1.00000000 0.00000000 86994.85300000 260.91137602
170394 0.35000000 121094.47600000 127.83616667 1.53621275 0.02065265 8102.88600000 92.38607141 46037.65600000 284.14118652 -1.00000000 0.00000000 85216.57000000 269.33785471
167772 0.36000000 120462.84700000 133.02903561 1.56043058 0.02126523 8549.56800000 94.29894839 43864.06800000 277.31187362 -1.00000000 0.00000000 83354.98600000 275.90279476
165151 0.37000000 119784.27200000 137.02905158 1.58622277 0.02130702 9024.42100000 96.20372610 41718.66100000 270.93060638 -1.00000000 0.00000000 81401.58200000 280.63129762
162529 0.38000000 119056.88000000 142.39399443 1.61379417 0.02229480 9527.83600000 98.23051633 39601.81600000 264.73525057 -1.00000000 0.00000000 79358.32000000 288.30865315
159908 0.39000000 118277.77900000 147.31069411 1.64228001 0.02266947 10061.68600000 100.09730703 37515.37600000 258.94223237 -1.00000000 0.00000000 77215.88800000 293.59866081
157286 0.40000000 117443.82300000 154.41801901 1.67193251 0.02271030 10627.10400000 102.59397013 35460.57400000 252.50837016 -1.00000000 0.00000000 74964.08800000 299.06084606
154665 0.41000000 116552.27800000 159.50890196 1.70294581 0.02392380 11225.85900000 104.53556717 33439.04900000 246.23863642 -1.00000000 0.00000000 72605.07700000 304.18941183
152044 0.42000000 115596.61300000 164.28412128 1.73545933 0.02513068 11859.80000000 106.72174817 31452.75000000 240.02618622 -1.00000000 0.00000000 70128.03800000 312.56191628
149422 0.43000000 114570.92600000 172.78694352 1.77108884 0.02613861 12529.58800000 109.46768212 29502.29800000 234.38411018 -1.00000000 0.00000000 67522.52700000 321.50631655
146801 0.44000000 113472.90300000 179.13855032 1.80796378 0.02684844 13238.68200000 112.11988113 27591.17200000 227.28514019 -1.00000000 0.00000000 64785.97800000 331.01471608
144179 0.45000000 112294.99500000 186.71306527 1.84756156 0.02788186 13989.60300000 115.17394857 25721.80300000 220.42645488 -1.00000000 0.00000000 61907.22500000 343.80008271
141558 0.46000000 111029.81100000 196.46553893 1.88991651 0.02958461 14784.48200000 117.68269581 23896.45200000 213.14038688 -1.00000000 0.00000000 58873.72200000 355.99022705
138936 0.47000000 109673.25700000 204.28167307 1.93536085 0.03036481 15623.87000000 118.79339616 22115.59000000 206.18172762 -1.00000000 0.00000000 55678.62000000 362.18067928
136315 0.48000000 108217.94400000 210.30158730 1.98356584 0.03136720 16512.22500000 121.16664446 20383.70500000 199.28188891 -1.00000000 0.00000000 52319.69700000 376.37598232
133693 0.49000000 106651.04700000 220.38157098 2.03763237 0.03222675 17450.01900000 123.51195019 18701.24900000 192.96501884 -1.00000000 0.00000000 48777.60100000 396.69348813
131072 0.50000000 104965.29600000 234.64485631 2.09620768 0.03408720 18441.77000000 127.20362362 17072.73000000 186.37764277 -1.00000000 0.00000000 45045.85300000 413.42728201
128451 0.51000000 103157.45100000 244.11000654 2.15872512 0.03678723 19488.67800000 128.23065709 15499.38800000 179.85933625 -1.00000000 0.00000000 41116.40200000 430.06931303
125829 0.52000000 101207.24900000 254.15130510 2.22748306 0.03808144 20595.99200000 130.32817565 13986.48200000 172.75654691 -1.00000000 0.00000000 36982.85400000 448.49335444
123208 0.53000000 99105.34900000 263.89055577 2.30473137 0.04098917 21762.90900000 132.19406942 12533.12900000 164.85617950 -1.00000000 0.00000000 32650.80100000 468.73877954
120586 0.54000000 96831.85800000 275.49855043 2.39028287 0.04358917 22997.32200000 133.97437609 11147.31200000 157.40649116 -1.00000000 0.00000000 28118.49700000 485.44709379
117965 0.55000000 94380.15300000 293.03803658 2.48659968 0.04861539 24298.86800000 135.87480465 9828.56800000 150.15237965 -1.00000000 0.00000000 23408.56700000 505.20305189
115343 0.56000000 91727.31900000 310.50244928 2.59350025 0.05320191 25672.33500000 138.32605276 8581.81500000 142.24025825 -1.00000000 0.00000000 18549.18600000 523.41757074
112722 0.57000000 88864.75100000 330.29928946 2.71513548 0.06129336 27120.92800000 138.63298280 7410.18800000 134.04682468 -1.00000000 0.00000000 13638.50500000 535.17115032
110100 0.58000000 85760.19500000 354.57481619 2.85346960 0.06680234 28647.38000000 140.11565222 6316.38000000 125.49113764 -1.00000000 0.00000000 8829.16700000 527.24998782
107479 0.59000000 82391.40100000 382.89291869 3.01317850 0.07631274 30254.96100000 141.54338561 5303.68100000 116.77045250 -1.00000000 0.00000000 4423.17100000 518.14973599
104858 0.60000000 78728.47100000 418.66636919 3.20286421 0.08911802 31946.68400000 143.37692662 4375.18400000 107.18404995 -1.00000000 0.00000000 1063.05100000 410.95711717
102236 0.61000000 74744.11400000 448.59605819 3.42725915 0.10292114 33725.02800000 144.66853217 3533.23800000 98.15496805 -1.00000000 0.00000000 31.17700000 52.23577555
99615 0.62000000 70404.64800000 488.39367162 3.69964704 0.12711808 35594.18500000 145.61676077 2782.25500000 89.70191976 -1.00000000 0.00000000 4.93400000 8.74655053
96993 0.63000000 65666.32300000 531.59197765 4.03616820 0.15541731 37556.25300000 146.22128318 2123.94300000 80.56666021 -1.00000000 0.00000000 2.39500000 5.09027366
94372 0.64000000 60474.56900000 587.45102259 4.45880947 0.18388073 39610.44900000 146.69368233 1557.86900000 70.94346209 -1.00000000 0.00000000 1.33400000 3.25961180
91750 0.65000000 54787.47400000 668.03546366 5.02277803 0.25522807 41758.58500000 147.59440668 1085.80500000 60.84566682 -1.00000000 0.00000000 0.78800000 2.49384748
89129 0.66000000 48548.82800000 780.72332700 5.78771400 0.37845767 44000.39800000 149.13634448 707.33800000 50.52108605 -1.00000000 0.00000000 0.52100000 1.64689747
86508 0.67000000 41701.22400000 903.81015962 6.84930439 0.53852547 46332.08300000 150.05369780 418.76300000 39.77658869 -1.00000000 0.00000000 0.39300000 1.42919334
83886 0.68000000 34102.21900000 1104.48127187 8.60508806 0.99487490 48748.09400000 149.54394858 214.48400000 29.15128713 -1.00000000 0.00000000 0.29200000 1.17818680
81265 0.69000000 25670.50700000 1399.64738300 11.80384856 2.24728186 51240.74200000 148.57815756 86.91200000 18.72647690 -1.00000000 0.00000000 0.22400000 1.04158961
78643 0.70000000 16157.62800000 2105.43873097 21.02046972 15.95103202 53797.32900000 146.61986272 23.21900000 9.61610672 -1.00000000 0.00000000 0.16000000 0.84800891
76022 0.71000000 5758.79300000 2608.03977608 46.20389087 26.16880788 56398.18300000 143.11120966 3.84300000 2.73492794 -1.00000000 0.00000000 0.12500000 0.74962453
73400 0.72000000 1434.82100000 729.60968144 27.91213862 6.35528333 59015.76600000 138.45834015 1.25600000 1.13567326 -1.00000000 0.00000000 0.09200000 0.63713573
70779 0.73000000 580.03800000 230.28695716 15.37018909 1.78501809 61635.53600000 133.38621588 0.74600000 0.84746811 -1.00000000 0.00000000 0.05400000 0.42809726
68157 0.74000000 321.94400000 104.59666977 10.18352622 0.69569563 64255.62700000 128.39059941 0.51700000 0.69871253 -1.00000000 0.00000000 0.04300000 0.37854233
65536 0.75000000 207.36000000 60.69430120 7.54800872 0.35240865 66875.74800000 123.36521987 0.38800000 0.60813307 -1.00000000 0.00000000 0.03500000 0.33449497
62915 0.76000000 146.50000000 36.44099266 5.97546859 0.20029271 69495.86300000 118.26728788 0.29300000 0.54170513 -1.00000000 0.00000000 0.02800000 0.29547132
60293 0.77000000 109.84500000 25.59730840 4.93694550 0.12281457 72116.04000000 113.28494993 0.23000000 0.48717280 -1.00000000 0.00000000 0.02100000 0.25024313
57672 0.78000000 84.67800000 18.26373127 4.20334761 0.08100210 74736.21900000 108.24254934 0.16900000 0.41786794 -1.00000000 0.00000000 0.01500000 0.21170692
55050 0.79000000 67.51300000 13.89722864 3.66074177 0.05664716 77356.46700000 103.25352392 0.11700000 0.34847157 -1.00000000 0.00000000 0.00900000 0.16415220
52429 0.80000000 54.80800000 11.25201065 3.24154202 0.04063953 79976.74100000 98.15783657 0.09100000 0.30791852 -1.00000000 0.00000000 0.00900000 0.16415220
49807 0.81000000 45.14100000 8.72532236 2.90881378 0.02951880 82596.92400000 93.17124613 0.06400000 0.24892964 -1.00000000 0.00000000 0.00300000 0.09486833
47186 0.82000000 38.06500000 6.88041533 2.63818611 0.02185869 85217.12500000 88.10085775 0.04500000 0.20740785 -1.00000000 0.00000000 0.00300000 0.09486833
44564 0.83000000 32.02800000 5.27418553 2.41394145 0.01642056 87837.33500000 83.10097802 0.03500000 0.18387172 -1.00000000 0.00000000 0.00300000 0.09486833
41943 0.84000000 27.33400000 4.41972601 2.22493265 0.01267706 90457.58500000 78.03907273 0.02500000 0.15620307 -1.00000000 0.00000000 0.00000000 0.00000000
39322 0.85000000 23.58000000 3.88853709 2.06402073 0.01000296 93077.83700000 73.08170336 0.01700000 0.12933572 -1.00000000 0.00000000 0.00000000 0.00000000
36700 0.86000000 20.50700000 3.42456985 1.92508429 0.00777965 95698.07000000 67.95711346 0.01000000 0.09954853 -1.00000000 0.00000000 0.00000000 0.00000000
34079 0.87000000 17.67800000 2.76368485 1.80401827 0.00618508 98318.29900000 62.96367225 0.00900000 0.09448771 -1.00000000 0.00000000 0.00000000 0.00000000
31457 0.88000000 15.32000000 2.28315852 1.69756283 0.00493948 100938.58500000 57.87403718 0.00500000 0.07056897 -1.00000000 0.00000000 0.00000000 0.00000000
28836 0.89000000 13.41000000 1.86584602 1.60326147 0.00385804 103558.87300000 52.86662227 0.00300000 0.05471740 -1.00000000 0.00000000 0.00000000 0.00000000
26214 0.90000000 11.70800000 1.60913807 1.51905205 0.00294952 106179.14300000 47.86371785 0.00300000 0.05471740 -1.00000000 0.00000000 0.00000000 0.00000000
23593 0.91000000 10.28600000 1.40576676 1.44346489 0.00232893 108799.32100000 42.83141942 0.00100000 0.03162278 -1.00000000 0.00000000 0.00000000 0.00000000
20972 0.92000000 8.95400000 1.13541762 1.37524773 0.00181356 111419.52000000 37.78196762 0.00000000 0.00000000 -1.00000000 0.00000000 0.00000000 0.00000000
18350 0.93000000 7.84800000 0.92614996 1.31331515 0.00145546 114039.87000000 32.69988352 0.00000000 0.00000000 -1.00000000 0.00000000 0.00000000 0.00000000
15729 0.94000000 7.09400000 0.85199172 1.25690909 0.00114738 116660.13000000 27.67524199 0.00000000 0.00000000 -1.00000000 0.00000000 0.00000000 0.00000000
13107 0.95000000 6.55600000 0.81457199 1.20526542 0.00091725 119280.37000000 22.65361530 0.00000000 0.00000000 -1.00000000 0.00000000 0.00000000 0.00000000
10486 0.96000000 6.09900000 0.79109091 1.15604477 0.00074052 121900.57000000 17.63110762 0.00000000 0.00000000 -1.00000000 0.00000000 0.00000000 0.00000000
7864 0.97000000 5.33800000 0.62461680 1.10787630 0.00046645 124520.80000000 12.54262003 0.00000000 0.00000000 -1.00000000 0.00000000 0.00000000 0.00000000
5243 0.98000000 4.45800000 0.57842076 1.06269696 0.00026179 127141.07000000 7.61597683 0.00000000 0.00000000 -1.00000000 0.00000000 0.00000000 0.00000000
2621 0.99000000 3.27200000 0.45190731 1.02024564 0.00007753 129761.36000000 2.49331438 0.00000000 0.00000000 -1.00000000 0.00000000 0.00000000 0.00000000
0 1.00000000 1.00000000 0.00000000 1.00000000 0.00000000 131072.00000000 0.00000000 0.00000000 0.00000000 -1.00000000 0.00000000 0.00000000 0.00000000
