# Link Removal Percolation Results (Averaged)
# N=1024 M=2048
# M_graphs=1000 M_realizations=10 Total_runs=10000
# Columns:
#(1) edges_remaining (2) frac_removed
#(3) gc_mean (4) gc_std
#(5) small_mean (6) small_std
#(7) comp_mean (8) comp_std
#(9) cycles_mean (10) cycles_std
#(11) lambda1_mean (12) lambda1_std
#(13) core_mean (14) core_std
2048 0.00000000 1003.88870000 4.80133498 1.08342500 0.10520340 20.29580000 4.52070194 1031.90480000 41.74357423 -1.00000000 0.00000000 924.07600000 10.96431692
2028 0.01000000 1003.84270000 4.81091168 1.08400014 0.10567806 20.33510000 4.52780941 1011.61510000 41.35030516 -1.00000000 0.00000000 922.18650000 11.08739874
2007 0.02000000 1003.75380000 4.82548589 1.08518479 0.10655677 20.40960000 4.53566810 991.23860000 40.90398494 -1.00000000 0.00000000 918.52490000 11.33348246
1987 0.03000000 1003.61320000 4.85301359 1.08712690 0.10783087 20.52660000 4.55097392 970.89460000 40.46688829 -1.00000000 0.00000000 914.75350000 11.57611068
1966 0.04000000 1003.42990000 4.87654222 1.08913814 0.10895071 20.68310000 4.56163953 950.59510000 40.02949653 -1.00000000 0.00000000 910.81800000 11.82653215
1946 0.05000000 1003.17590000 4.91770043 1.09328131 0.11217460 20.89030000 4.58599706 930.35330000 39.60191801 -1.00000000 0.00000000 906.69810000 12.11178872
1925 0.06000000 1002.87230000 4.96578882 1.09745138 0.11498458 21.14310000 4.61631384 910.13710000 39.15516079 -1.00000000 0.00000000 902.42130000 12.36272179
1905 0.07000000 1002.51380000 5.00992210 1.10247241 0.11922165 21.44170000 4.64169750 890.00170000 38.71794164 -1.00000000 0.00000000 898.00490000 12.63631448
1884 0.08000000 1002.09700000 5.07253034 1.10832467 0.12404549 21.78670000 4.67882381 869.86870000 38.25051334 -1.00000000 0.00000000 893.43680000 12.87907578
1864 0.09000000 1001.59580000 5.13889708 1.11478449 0.12891838 22.20460000 4.72027191 849.84160000 37.81902613 -1.00000000 0.00000000 888.64940000 13.17231303
1843 0.10000000 1001.03830000 5.21077233 1.12147010 0.13163796 22.66890000 4.76834840 829.86190000 37.38184544 -1.00000000 0.00000000 883.68760000 13.43552223
1823 0.11000000 1000.39330000 5.29002964 1.13032628 0.13654422 23.19490000 4.81470997 809.92390000 36.91946117 -1.00000000 0.00000000 878.53250000 13.74438920
1802 0.12000000 999.67810000 5.40375799 1.14049189 0.14401855 23.77360000 4.88938991 790.09760000 36.46526904 -1.00000000 0.00000000 873.15980000 14.00533037
1782 0.13000000 998.87750000 5.49589977 1.15072540 0.14901834 24.42190000 4.94104663 770.24890000 35.99865746 -1.00000000 0.00000000 867.60130000 14.31949870
1761 0.14000000 997.99260000 5.60254264 1.16069467 0.15158920 25.14150000 4.99595574 750.49850000 35.55999225 -1.00000000 0.00000000 861.75890000 14.59788617
1741 0.15000000 997.03030000 5.73502144 1.17138750 0.15616689 25.92280000 5.07012927 730.81480000 35.09278061 -1.00000000 0.00000000 855.78590000 14.88845283
1720 0.16000000 995.96030000 5.85352460 1.18331128 0.16147000 26.78570000 5.13630350 711.24770000 34.63306064 -1.00000000 0.00000000 849.52790000 15.20466178
1700 0.17000000 994.78380000 5.98063829 1.19591522 0.16558386 27.73000000 5.20582463 691.74400000 34.14207129 -1.00000000 0.00000000 842.96910000 15.51710744
1679 0.18000000 993.49220000 6.15764004 1.20911840 0.16898257 28.75810000 5.31108324 672.28910000 33.67458268 -1.00000000 0.00000000 836.16780000 15.85754676
1659 0.19000000 992.09530000 6.31808592 1.22326427 0.17295177 29.86720000 5.40365470 652.95520000 33.20765375 -1.00000000 0.00000000 829.11930000 16.24408368
1638 0.20000000 990.56030000 6.50069149 1.23841070 0.18086494 31.07850000 5.51254719 633.71850000 32.74087742 -1.00000000 0.00000000 821.77180000 16.59667044
1618 0.21000000 988.88810000 6.71610668 1.25320392 0.18349963 32.39290000 5.63454563 614.56890000 32.23987273 -1.00000000 0.00000000 814.14440000 16.98237877
1597 0.22000000 987.09690000 6.90911601 1.26827625 0.18610062 33.79790000 5.74656053 595.52690000 31.76270712 -1.00000000 0.00000000 806.15350000 17.37882447
1577 0.23000000 985.15890000 7.11213815 1.28409254 0.18944329 35.30420000 5.86458027 576.59120000 31.28719181 -1.00000000 0.00000000 797.82120000 17.80755293
1556 0.24000000 983.04090000 7.34377425 1.30055558 0.19240990 36.94430000 5.99179336 557.75130000 30.78326184 -1.00000000 0.00000000 789.16720000 18.21774500
1536 0.25000000 980.77130000 7.57958715 1.31812280 0.19622479 38.68640000 6.13017234 539.05140000 30.30311182 -1.00000000 0.00000000 780.18790000 18.59674642
1516 0.26000000 978.29770000 7.86178450 1.33703843 0.19978748 40.56020000 6.25610820 520.48420000 29.78437613 -1.00000000 0.00000000 770.84920000 19.00957116
1495 0.27000000 975.64510000 8.08563441 1.35655036 0.20271383 42.55860000 6.37380801 502.01660000 29.28992855 -1.00000000 0.00000000 760.96380000 19.45762446
1475 0.28000000 972.77440000 8.40536553 1.37685334 0.20689148 44.70200000 6.53589074 483.71600000 28.74719437 -1.00000000 0.00000000 750.68520000 19.95871579
1454 0.29000000 969.74620000 8.66154073 1.39582503 0.20720637 46.96290000 6.66127322 465.49890000 28.22351246 -1.00000000 0.00000000 739.98860000 20.45269912
1434 0.30000000 966.46850000 9.02592679 1.41599796 0.21220591 49.39700000 6.84072149 447.50400000 27.72944782 -1.00000000 0.00000000 728.86950000 20.94523669
1413 0.31000000 962.94360000 9.35148994 1.43678186 0.21568677 51.99460000 7.00304756 429.63960000 27.22850806 -1.00000000 0.00000000 717.21080000 21.49657121
1393 0.32000000 959.21310000 9.71862817 1.45923766 0.21969766 54.70920000 7.19132859 411.90520000 26.69920407 -1.00000000 0.00000000 704.98920000 22.03944321
1372 0.33000000 955.18950000 10.08258675 1.48112734 0.22361745 57.62410000 7.35486292 394.31210000 26.15801441 -1.00000000 0.00000000 692.25860000 22.63805588
1352 0.34000000 950.88190000 10.43747318 1.50157238 0.22486652 60.74700000 7.51408259 377.02700000 25.63439063 -1.00000000 0.00000000 678.86570000 23.13275548
1331 0.35000000 946.26580000 10.83471686 1.52634685 0.23152140 64.03190000 7.68497159 359.86490000 25.09379640 -1.00000000 0.00000000 664.96710000 23.86799920
1311 0.36000000 941.32660000 11.23852138 1.55157972 0.23661465 67.51700000 7.87146155 342.86700000 24.56945007 -1.00000000 0.00000000 650.37220000 24.48062902
1290 0.37000000 936.04270000 11.70245151 1.57630180 0.24006746 71.21660000 8.07475106 326.18660000 24.03227279 -1.00000000 0.00000000 635.03110000 25.07714934
1270 0.38000000 930.32290000 12.06500692 1.60259428 0.24106764 75.18460000 8.22028468 309.62560000 23.46917350 -1.00000000 0.00000000 619.19670000 25.65670352
1249 0.39000000 924.21420000 12.55821202 1.63118527 0.24741037 79.36740000 8.41830767 293.36340000 22.94933567 -1.00000000 0.00000000 602.42060000 26.24458370
1229 0.40000000 917.69440000 13.03622656 1.66091611 0.25611722 83.79780000 8.60969964 277.34680000 22.39001253 -1.00000000 0.00000000 584.82460000 26.97696815
1208 0.41000000 910.75480000 13.61092953 1.69220083 0.26451237 88.45270000 8.82360178 261.55070000 21.83029743 -1.00000000 0.00000000 566.33050000 27.72601203
1188 0.42000000 903.29200000 14.16785124 1.72525411 0.27562249 93.39860000 8.99017243 246.04160000 21.21488337 -1.00000000 0.00000000 546.82080000 28.49177189
1167 0.43000000 895.23090000 14.73664487 1.76168955 0.28036180 98.64540000 9.19031583 230.82240000 20.66026967 -1.00000000 0.00000000 526.38820000 29.33523063
1147 0.44000000 886.58120000 15.33313787 1.80181726 0.29246037 104.18860000 9.38698256 215.91060000 20.11624900 -1.00000000 0.00000000 505.00330000 30.20326659
1126 0.45000000 877.41150000 16.02853266 1.84004657 0.30270701 110.05000000 9.58965568 201.30100000 19.52895637 -1.00000000 0.00000000 482.38220000 31.25463179
1106 0.46000000 867.52000000 16.72683409 1.88402209 0.31560248 116.24220000 9.77560716 187.06120000 18.92768555 -1.00000000 0.00000000 458.42560000 32.43468923
1085 0.47000000 856.86370000 17.51347465 1.93097076 0.32692510 122.79120000 9.98912313 173.16020000 18.31532913 -1.00000000 0.00000000 433.26000000 33.46794900
1065 0.48000000 845.40540000 18.34726991 1.98173114 0.34933324 129.74130000 10.17396311 159.64630000 17.68773253 -1.00000000 0.00000000 406.77380000 34.44743671
1044 0.49000000 833.01830000 19.21108200 2.03842879 0.36634708 137.08020000 10.38856873 146.52220000 17.12740033 -1.00000000 0.00000000 378.77950000 35.72415851
1024 0.50000000 819.74770000 20.09029135 2.09882633 0.39127918 144.84140000 10.53809049 133.85540000 16.52248741 -1.00000000 0.00000000 349.39610000 36.98731419
1004 0.51000000 805.42670000 21.17963373 2.16378232 0.40670951 153.03390000 10.75805393 121.58490000 15.87865250 -1.00000000 0.00000000 318.57450000 38.33386751
983 0.52000000 790.01500000 22.38308011 2.23372709 0.43988596 161.70850000 10.98014499 109.81150000 15.18456535 -1.00000000 0.00000000 286.03470000 39.91904619
963 0.53000000 773.39620000 23.68946907 2.31727330 0.47856111 170.86430000 11.16062460 98.50130000 14.49557210 -1.00000000 0.00000000 251.87300000 41.51317629
942 0.54000000 755.66060000 25.07179425 2.40061669 0.51249110 180.51600000 11.33631312 87.72100000 13.79784030 -1.00000000 0.00000000 215.94000000 42.82592446
922 0.55000000 736.40130000 26.59196818 2.49338559 0.54630918 190.69750000 11.52344882 77.43150000 13.10956497 -1.00000000 0.00000000 178.99570000 44.70428311
901 0.56000000 715.43990000 28.38411446 2.60361507 0.59383862 201.45510000 11.71075993 67.73410000 12.34284537 -1.00000000 0.00000000 140.55880000 45.98845329
881 0.57000000 692.79740000 30.36790368 2.73367754 0.66650503 212.74190000 11.93800385 58.57090000 11.63230434 -1.00000000 0.00000000 102.96820000 45.61529200
860 0.58000000 667.93290000 32.67046883 2.89208314 0.79054457 224.71420000 12.12207956 50.07220000 10.87129273 -1.00000000 0.00000000 67.81200000 42.03062590
840 0.59000000 641.14400000 35.09839389 3.06700335 0.89279287 237.30130000 12.27053279 42.20830000 10.11516400 -1.00000000 0.00000000 39.47390000 34.02850735
819 0.60000000 611.71420000 38.57115362 3.29871734 1.28895166 250.57700000 12.43695858 35.03700000 9.37193760 -1.00000000 0.00000000 20.14700000 23.54556923
799 0.61000000 579.45690000 42.24294958 3.57715677 1.75602848 264.49120000 12.55292317 28.50620000 8.57982068 -1.00000000 0.00000000 9.63720000 14.82598925
778 0.62000000 543.97750000 47.38987417 3.94740520 2.48836278 279.15360000 12.64529942 22.75460000 7.75079263 -1.00000000 0.00000000 4.61460000 8.68682986
758 0.63000000 504.47240000 54.56427736 4.47959943 3.31176740 294.57060000 12.71253619 17.67660000 6.87273860 -1.00000000 0.00000000 2.41730000 5.21220466
737 0.64000000 459.95290000 63.84457138 5.20397576 4.23090121 310.72730000 12.81851653 13.35030000 5.96128708 -1.00000000 0.00000000 1.36690000 3.38526666
717 0.65000000 409.61210000 75.54142098 6.31651583 5.68052443 327.62800000 12.89963783 9.80400000 5.03222777 -1.00000000 0.00000000 0.83260000 2.33840203
696 0.66000000 354.62460000 84.76478385 7.45720281 6.18771040 345.26420000 12.95030383 7.03220000 4.14534456 -1.00000000 0.00000000 0.54250000 1.74421844
676 0.67000000 296.80670000 89.80580629 8.51937141 6.29268226 363.60600000 12.93348721 4.88200000 3.30650409 -1.00000000 0.00000000 0.37790000 1.41028028
655 0.68000000 240.42440000 87.83646173 9.12575942 5.62706152 382.53650000 12.85856143 3.34750000 2.57161526 -1.00000000 0.00000000 0.26480000 1.11238694
635 0.69000000 188.96370000 80.20382689 9.22428357 4.70019865 401.94120000 12.69964845 2.29020000 1.97118556 -1.00000000 0.00000000 0.18870000 0.91508254
614 0.70000000 146.25430000 68.30782113 8.75694137 3.63769036 421.66710000 12.45389849 1.58710000 1.53174679 -1.00000000 0.00000000 0.13880000 0.76745909
594 0.71000000 112.96720000 55.27297562 7.97830248 2.72004264 441.67150000 12.13103062 1.11350000 1.19789868 -1.00000000 0.00000000 0.09860000 0.62507369
573 0.72000000 87.68090000 43.93663071 7.08853063 1.97033476 461.78220000 11.78091007 0.79620000 0.96796656 -1.00000000 0.00000000 0.07770000 0.55072047
553 0.73000000 69.25030000 34.68843004 6.22669764 1.44120588 482.05480000 11.39907851 0.58680000 0.80058095 -1.00000000 0.00000000 0.05890000 0.46674680
532 0.74000000 55.52040000 27.12453424 5.46391811 1.06075617 502.34900000 10.99598518 0.44000000 0.68252955 -1.00000000 0.00000000 0.04110000 0.38913485
512 0.75000000 45.06750000 20.75700434 4.82145225 0.80630585 522.68690000 10.59076413 0.33590000 0.58745698 -1.00000000 0.00000000 0.03150000 0.33514024
492 0.76000000 37.04620000 16.11140041 4.27918643 0.60928812 543.08700000 10.16405243 0.25600000 0.50822222 -1.00000000 0.00000000 0.02370000 0.28556342
471 0.77000000 31.14830000 12.73589916 3.82176762 0.45934606 563.45090000 9.75885817 0.19390000 0.43922896 -1.00000000 0.00000000 0.01840000 0.24913379
451 0.78000000 26.55420000 10.42057202 3.44054422 0.35532611 583.87140000 9.33715054 0.15140000 0.38973482 -1.00000000 0.00000000 0.01620000 0.23182522
430 0.79000000 22.80150000 8.51176496 3.12184328 0.28021005 604.30240000 8.88819747 0.11840000 0.34726575 -1.00000000 0.00000000 0.01260000 0.20407206
410 0.80000000 19.76810000 6.99149558 2.85080780 0.22040617 624.72230000 8.46486551 0.09030000 0.30191891 -1.00000000 0.00000000 0.00960000 0.17694906
389 0.81000000 17.20970000 5.68374493 2.62086160 0.17815598 645.14410000 8.03143733 0.06910000 0.26406848 -1.00000000 0.00000000 0.00740000 0.15603741
369 0.82000000 15.16370000 4.77051130 2.42181497 0.14315572 665.59290000 7.60729628 0.05090000 0.22475374 -1.00000000 0.00000000 0.00510000 0.12913426
348 0.83000000 13.41780000 4.08332101 2.24918044 0.11592845 686.04340000 7.16149741 0.03740000 0.19340367 -1.00000000 0.00000000 0.00390000 0.11439449
328 0.84000000 11.91000000 3.47394687 2.09914400 0.09431956 706.46400000 6.74762603 0.02800000 0.16738818 -1.00000000 0.00000000 0.00280000 0.09377121
307 0.85000000 10.60470000 2.95050986 1.96626430 0.07646651 726.92200000 6.30583003 0.02100000 0.14477947 -1.00000000 0.00000000 0.00220000 0.08364126
287 0.86000000 9.49170000 2.51562397 1.84862910 0.06166884 747.38620000 5.87580650 0.01520000 0.12316849 -1.00000000 0.00000000 0.00150000 0.06706862
266 0.87000000 8.52660000 2.17599769 1.74468160 0.05025906 767.76380000 5.44989722 0.01080000 0.10336551 -1.00000000 0.00000000 0.00120000 0.05999100
246 0.88000000 7.66200000 1.85798310 1.65067712 0.04078986 788.28080000 4.99746424 0.00780000 0.08797689 -1.00000000 0.00000000 0.00090000 0.05195633
225 0.89000000 6.89560000 1.59754682 1.56649653 0.03295840 808.74170000 4.55572789 0.00470000 0.06839867 -1.00000000 0.00000000 0.00090000 0.05195633
205 0.90000000 6.20590000 1.33412262 1.49020169 0.02642131 829.18380000 4.13626987 0.00280000 0.05284354 -1.00000000 0.00000000 0.00060000 0.04242429
184 0.91000000 5.60940000 1.16093342 1.42073101 0.02093090 849.62780000 3.71247160 0.00180000 0.04239033 -1.00000000 0.00000000 0.00000000 0.00000000
164 0.92000000 5.08690000 0.99792183 1.35739475 0.01649081 870.08870000 3.26687918 0.00070000 0.02644957 -1.00000000 0.00000000 0.00000000 0.00000000
143 0.93000000 4.63240000 0.83901170 1.29898126 0.01290640 890.53840000 2.82809569 0.00040000 0.01999700 -1.00000000 0.00000000 0.00000000 0.00000000
123 0.94000000 4.27800000 0.74737665 1.24503742 0.00979369 911.00700000 2.39739979 0.00000000 0.00000000 -1.00000000 0.00000000 0.00000000 0.00000000
102 0.95000000 3.97380000 0.72619990 1.19515744 0.00746098 931.45600000 1.97647531 0.00000000 0.00000000 -1.00000000 0.00000000 0.00000000 0.00000000
82 0.96000000 3.65010000 0.67328695 1.14765444 0.00572636 951.91200000 1.54288498 0.00000000 0.00000000 -1.00000000 0.00000000 0.00000000 0.00000000
61 0.97000000 3.26760000 0.54426084 1.10182569 0.00402702 972.35700000 1.12056975 0.00000000 0.00000000 -1.00000000 0.00000000 0.00000000 0.00000000
41 0.98000000 2.83340000 0.54025330 1.05859456 0.00211155 992.82400000 0.69790594 0.00000000 0.00000000 -1.00000000 0.00000000 0.00000000 0.00000000
20 0.99000000 2.15190000 0.36584119 1.01898908 0.00097981 1013.15300000 0.36000550 0.00000000 0.00000000 -1.00000000 0.00000000 0.00000000 0.00000000
0 1.00000000 1.00000000 0.00000000 1.00000000 0.00000000 1024.00000000 0.00000000 0.00000000 0.00000000 -1.00000000 0.00000000 0.00000000 0.00000000
