# Link Removal Percolation Results (Averaged)
# N=262144 M=524288
# M_graphs=100 M_realizations=10 Total_runs=1000
# Columns:
#(1) edges_remaining (2) frac_removed
#(3) gc_mean (4) gc_std
#(5) small_mean (6) small_std
#(7) comp_mean (8) comp_std
#(9) cycles_mean (10) cycles_std
#(11) lambda1_mean (12) lambda1_std
#(13) core_mean (14) core_std
524288 0.00000000 256934.97300000 81.69476302 1.08694994 0.00781712 5001.62900000 75.83040029 264437.82900000 665.15339494 -1.00000000 0.00000000 236550.32000000 175.44925204
519045 0.01000000 256923.47800000 81.73422784 1.08756240 0.00780906 5011.39900000 75.86152365 259205.62900000 658.21681894 -1.00000000 0.00000000 236093.57600000 177.47938234
513802 0.02000000 256899.98600000 82.17129624 1.08886056 0.00788440 5031.21900000 76.11766508 253983.44900000 651.33944489 -1.00000000 0.00000000 235156.50600000 179.14300483
508559 0.03000000 256864.03400000 82.61432061 1.09082322 0.00805775 5061.54900000 76.28406687 248771.73900000 644.08081401 -1.00000000 0.00000000 234184.47200000 182.69390871
503316 0.04000000 256814.74000000 83.30202655 1.09362756 0.00819551 5102.86800000 76.64628647 243571.10800000 636.97588857 -1.00000000 0.00000000 233175.53500000 186.82430274
498074 0.05000000 256751.85100000 83.52878460 1.09716887 0.00834221 5155.58800000 76.64552689 238381.78800000 630.09135860 -1.00000000 0.00000000 232128.60000000 190.21424094
492831 0.06000000 256673.70300000 83.75943191 1.10170323 0.00849257 5220.59900000 76.78150558 233204.78900000 623.17186526 -1.00000000 0.00000000 231041.77100000 195.50262872
487588 0.07000000 256580.49700000 84.72945811 1.10691850 0.00866768 5298.21700000 77.40806107 228040.42700000 616.33487598 -1.00000000 0.00000000 229912.23000000 198.84772948
482345 0.08000000 256471.18500000 85.90331865 1.11304510 0.00878063 5388.74300000 78.35327809 222888.93300000 609.42340897 -1.00000000 0.00000000 228737.45000000 200.91604405
477102 0.09000000 256344.69300000 87.52674838 1.12017612 0.00895131 5492.96500000 79.30299326 217751.11500000 602.17518275 -1.00000000 0.00000000 227520.09400000 206.67140643
471859 0.10000000 256199.80900000 88.00779449 1.12800604 0.00927470 5612.33200000 79.50740345 212628.49200000 595.37199779 -1.00000000 0.00000000 226252.64800000 211.09384337
466616 0.11000000 256034.64700000 89.13555709 1.13675735 0.00941959 5747.75800000 80.19726328 207521.92800000 588.39050145 -1.00000000 0.00000000 224936.45000000 217.93820354
461373 0.12000000 255850.38300000 91.34868852 1.14639384 0.00988531 5898.10400000 81.23960276 202430.31400000 580.97984904 -1.00000000 0.00000000 223568.25300000 222.49046046
456131 0.13000000 255644.72600000 93.44360134 1.15686591 0.01012158 6065.47000000 82.48372363 197355.63000000 573.22051853 -1.00000000 0.00000000 222149.14000000 229.41752505
450888 0.14000000 255415.43700000 94.54562341 1.16824335 0.01023795 6251.06800000 83.35626937 192299.17800000 565.76638635 -1.00000000 0.00000000 220670.17100000 234.29238716
445645 0.15000000 255164.63100000 96.33362344 1.18000201 0.01050593 6453.53700000 83.83213261 187259.68700000 558.61819100 -1.00000000 0.00000000 219131.68300000 238.15177257
440402 0.16000000 254887.03400000 98.56471908 1.19264510 0.01103259 6676.49200000 84.98583722 182240.60200000 551.02483425 -1.00000000 0.00000000 217534.94400000 244.48102551
435159 0.17000000 254582.64500000 100.15802816 1.20607123 0.01124433 6919.78800000 85.71394248 177241.92800000 542.61774652 -1.00000000 0.00000000 215872.32400000 251.59254328
429916 0.18000000 254251.35400000 102.93908460 1.21977553 0.01148064 7184.00200000 87.22684517 172264.13200000 535.62399651 -1.00000000 0.00000000 214144.66400000 257.07118605
424673 0.19000000 253890.62000000 105.81982534 1.23415178 0.01182553 7469.97200000 89.04992479 167308.10200000 527.86636613 -1.00000000 0.00000000 212344.54700000 260.62707508
419430 0.20000000 253498.12500000 108.86253914 1.24914887 0.01212217 7779.69700000 90.50898888 162375.73700000 520.20931322 -1.00000000 0.00000000 210470.86800000 265.81269150
414188 0.21000000 253070.68200000 112.07868891 1.26475103 0.01236686 8114.76000000 92.01905186 157468.87000000 512.53962575 -1.00000000 0.00000000 208517.60300000 272.57367040
408945 0.22000000 252609.98000000 115.93399973 1.28071455 0.01252803 8474.52700000 94.60772639 152586.63700000 504.75380894 -1.00000000 0.00000000 206483.14800000 282.26104477
403702 0.23000000 252111.58800000 119.48304672 1.29702889 0.01280314 8861.57000000 96.48859595 147731.64000000 497.25714179 -1.00000000 0.00000000 204369.27500000 287.47028114
398459 0.24000000 251571.62700000 121.29708510 1.31420680 0.01302567 9278.25000000 97.46855708 142906.32000000 490.15431535 -1.00000000 0.00000000 202163.43600000 291.79687339
393216 0.25000000 250992.58300000 124.98576140 1.33156668 0.01305342 9722.94600000 100.16480456 138109.01600000 482.39641172 -1.00000000 0.00000000 199865.05700000 299.34570918
387973 0.26000000 250368.13600000 128.58563594 1.34946791 0.01316693 10199.43600000 102.32964018 133343.48600000 474.10599057 -1.00000000 0.00000000 197468.66400000 304.92712187
382730 0.27000000 249695.96100000 133.05753563 1.36810019 0.01345959 10708.60900000 104.60275262 128610.65900000 466.77179717 -1.00000000 0.00000000 194966.68300000 308.71914100
377487 0.28000000 248973.64100000 137.60420428 1.38715730 0.01369379 11252.35400000 107.47357467 123912.39400000 460.32384775 -1.00000000 0.00000000 192355.63100000 316.43917044
372244 0.29000000 248196.91900000 142.03261493 1.40663382 0.01408091 11833.05000000 110.06912697 119251.14000000 451.77122489 -1.00000000 0.00000000 189631.97800000 328.60761172
367002 0.30000000 247362.51700000 146.88565317 1.42674615 0.01439325 12452.72300000 112.50333894 114628.74300000 444.58150846 -1.00000000 0.00000000 186789.03700000 333.80944921
361759 0.31000000 246467.44300000 153.15601038 1.44729939 0.01454244 13112.29000000 116.10860911 110046.27000000 435.50637527 -1.00000000 0.00000000 183819.52700000 344.53695155
356516 0.32000000 245511.15500000 158.69528401 1.46834380 0.01453585 13811.78300000 119.18003941 105503.76300000 428.55995434 -1.00000000 0.00000000 180714.74600000 350.63723412
351273 0.33000000 244481.57900000 162.88879802 1.49030387 0.01474074 14558.95400000 122.72093673 101008.94400000 420.65040310 -1.00000000 0.00000000 177463.32100000 363.08652658
346030 0.34000000 243380.34700000 167.65553665 1.51311819 0.01491111 15351.16100000 124.37276898 96559.14100000 412.86903972 -1.00000000 0.00000000 174066.92200000 375.41878907
340787 0.35000000 242202.28500000 174.65905519 1.53669270 0.01539628 16191.92500000 128.12006918 92157.92500000 403.18062701 -1.00000000 0.00000000 170513.87100000 383.75752005
335544 0.36000000 240939.47700000 182.30569063 1.56115504 0.01544162 17085.01300000 130.62932616 87808.96300000 394.84593317 -1.00000000 0.00000000 166792.73400000 394.03027943
330301 0.37000000 239585.90800000 187.96170658 1.58710256 0.01571651 18032.32000000 132.90577695 83514.39000000 386.33560423 -1.00000000 0.00000000 162894.41400000 404.83234534
325059 0.38000000 238134.54300000 195.91395159 1.61391972 0.01626147 19037.66300000 135.14754267 79277.58300000 377.51184392 -1.00000000 0.00000000 158805.18000000 413.87931295
319816 0.39000000 236578.81900000 201.63154396 1.64207978 0.01661227 20104.21900000 137.50790327 75102.09900000 369.31245699 -1.00000000 0.00000000 154520.52700000 425.02815225
314573 0.40000000 234914.87600000 208.70935345 1.67149680 0.01705959 21233.12300000 140.70788386 70989.08300000 360.29733316 -1.00000000 0.00000000 150024.39400000 435.42191149
309330 0.41000000 233132.38400000 217.93758587 1.70291129 0.01770362 22427.86300000 143.43404602 66941.79300000 350.19292860 -1.00000000 0.00000000 145307.16200000 448.55380086
304087 0.42000000 231223.68000000 226.83981993 1.73587497 0.01812828 23692.68800000 146.56450392 62964.59800000 343.09179876 -1.00000000 0.00000000 140350.00800000 460.52109573
298844 0.43000000 229175.56900000 233.54661475 1.77087621 0.01778636 25034.07200000 148.11424863 59063.94200000 332.56112451 -1.00000000 0.00000000 135144.60400000 472.74816553
293601 0.44000000 226979.39500000 244.83056382 1.80783180 0.01822033 26453.61400000 153.50126267 55241.52400000 320.81508341 -1.00000000 0.00000000 129664.69700000 489.85514109
288358 0.45000000 224622.08600000 254.77623031 1.84759772 0.01856751 27955.36700000 156.87309355 51501.24700000 312.00519103 -1.00000000 0.00000000 123907.97700000 502.26755137
283116 0.46000000 222094.88100000 265.76767542 1.89010267 0.02001617 29544.15200000 159.27429547 47848.02200000 303.07821750 -1.00000000 0.00000000 117842.15000000 520.53058276
277873 0.47000000 219382.89600000 278.05631534 1.93563855 0.02092798 31222.79300000 161.89903474 44284.67300000 292.92254555 -1.00000000 0.00000000 111459.51500000 534.71954403
272630 0.48000000 216468.33900000 290.43082506 1.98523556 0.02223253 32998.84900000 164.20157233 40818.68900000 281.98959628 -1.00000000 0.00000000 104741.20200000 551.00766841
267387 0.49000000 213336.95900000 306.15041302 2.03884660 0.02335591 34874.42000000 167.64412950 37452.30000000 271.77855615 -1.00000000 0.00000000 97656.43600000 570.92278175
262144 0.50000000 209967.38100000 320.68227104 2.09714369 0.02442733 36858.95200000 171.27225076 34194.81200000 261.46492798 -1.00000000 0.00000000 90194.23700000 583.71097243
256901 0.51000000 206345.07000000 335.40863443 2.16031024 0.02646542 38954.25900000 173.65185541 31048.15900000 254.20570855 -1.00000000 0.00000000 82355.18200000 603.39742237
251658 0.52000000 202452.86700000 355.19697662 2.22877474 0.02810670 41164.85700000 177.03460623 28016.72700000 244.54314511 -1.00000000 0.00000000 74102.74400000 632.92411504
246415 0.53000000 198251.32800000 370.81536707 2.30592361 0.02986779 43498.01000000 179.70144827 25107.88000000 233.15987031 -1.00000000 0.00000000 65445.05200000 660.35243972
241172 0.54000000 193719.51100000 388.50014445 2.39166009 0.03261952 45961.90800000 180.84774658 22329.76800000 222.65349931 -1.00000000 0.00000000 56386.63100000 680.24296198
235930 0.55000000 188823.55600000 412.58599111 2.48593719 0.03556352 48565.58400000 185.02476891 19691.41400000 211.82323217 -1.00000000 0.00000000 46964.95100000 706.43285029
230687 0.56000000 183525.62500000 433.98276857 2.59298335 0.03886605 51312.30900000 187.90273803 17196.17900000 198.22086285 -1.00000000 0.00000000 37281.35800000 721.23740976
225444 0.57000000 177794.48100000 463.70315748 2.71467677 0.04188521 54209.23300000 191.77883573 14851.07300000 187.81779254 -1.00000000 0.00000000 27452.66300000 720.62318531
220201 0.58000000 171590.90200000 502.12506607 2.85169140 0.04721092 57262.78400000 195.57458107 12662.59400000 174.45894958 -1.00000000 0.00000000 17830.11000000 733.28698864
214958 0.59000000 164851.07200000 532.06082127 3.01297952 0.05268154 60475.11700000 199.03479636 10632.89700000 160.95386462 -1.00000000 0.00000000 8993.88600000 703.57863946
209715 0.60000000 157540.45100000 586.14854407 3.20266931 0.06019214 63856.77200000 201.07774187 8772.63200000 149.26742894 -1.00000000 0.00000000 2187.76300000 573.32839480
204472 0.61000000 149573.39700000 639.86709815 3.43033053 0.07082369 67415.23500000 203.01083512 7089.05500000 135.11241001 -1.00000000 0.00000000 33.18800000 57.49156404
199229 0.62000000 140913.48400000 694.55906015 3.69887225 0.08574671 71152.11000000 202.42520066 5583.92000000 123.87549693 -1.00000000 0.00000000 4.32400000 7.47053096
193987 0.63000000 131443.30300000 782.22415446 4.03354394 0.10860529 75072.15300000 203.41008149 4261.94300000 109.13163366 -1.00000000 0.00000000 2.13600000 4.55018771
188744 0.64000000 121088.30500000 832.50834357 4.45298796 0.12940976 79180.13900000 205.20850911 3127.87900000 94.83654533 -1.00000000 0.00000000 1.12000000 2.73295976
183501 0.65000000 109742.76400000 946.13416816 4.99707767 0.17257031 83475.12800000 205.23617494 2180.88800000 80.27699454 -1.00000000 0.00000000 0.75000000 2.03903351
178258 0.66000000 97266.95700000 1078.58608701 5.76209802 0.26281693 87955.56500000 205.13523891 1419.31500000 67.67223438 -1.00000000 0.00000000 0.56200000 1.73296254
173015 0.67000000 83541.22600000 1226.97643339 6.83886024 0.40454347 92616.69900000 204.81903534 838.46900000 54.20427236 -1.00000000 0.00000000 0.42200000 1.47380056
167772 0.68000000 68354.76600000 1538.25658476 8.56603721 0.69273574 97448.89500000 204.49307419 428.65500000 40.05566666 -1.00000000 0.00000000 0.30600000 1.23607924
162529 0.69000000 51495.42500000 1953.48962631 11.69979487 1.56028208 102434.56200000 202.98333032 172.28200000 26.50126021 -1.00000000 0.00000000 0.22900000 1.04673524
157286 0.70000000 32677.35500000 2787.15689449 19.58850948 6.68054146 107547.80300000 200.62428142 43.45300000 13.36639261 -1.00000000 0.00000000 0.16000000 0.86553403
152044 0.71000000 11194.93700000 4506.57319890 57.16793745 36.04617508 112751.27800000 196.98062870 4.97800000 3.39397039 -1.00000000 0.00000000 0.12500000 0.74560776
146801 0.72000000 2030.36900000 1064.56060425 32.36877153 6.79924081 117989.53200000 190.64712771 1.23200000 1.15043448 -1.00000000 0.00000000 0.10700000 0.70145780
141558 0.73000000 735.38300000 296.44526325 16.24137960 1.54951789 123231.05700000 183.74191368 0.74700000 0.83527761 -1.00000000 0.00000000 0.08200000 0.61616204
136315 0.74000000 388.06800000 123.04525798 10.48871129 0.57534848 128472.85500000 176.75628634 0.52500000 0.71265902 -1.00000000 0.00000000 0.06500000 0.53950539
131072 0.75000000 245.67900000 70.14476636 7.67999542 0.28221471 133714.70900000 169.86373954 0.37900000 0.61946973 -1.00000000 0.00000000 0.05900000 0.52325213
125829 0.76000000 171.12800000 44.32979525 6.04139896 0.15749687 138956.62000000 162.95030654 0.29000000 0.54790528 -1.00000000 0.00000000 0.03800000 0.34738549
120586 0.77000000 125.21500000 28.71109719 4.97636988 0.09650839 144198.57200000 156.01376577 0.21200000 0.47883743 -1.00000000 0.00000000 0.02300000 0.27667227
115343 0.78000000 95.74500000 20.40127906 4.22870124 0.06238499 149440.52600000 149.11539399 0.15600000 0.42408000 -1.00000000 0.00000000 0.01300000 0.20706007
110100 0.79000000 75.52200000 14.78438684 3.67691886 0.04302657 154682.42500000 142.12821960 0.12500000 0.37618681 -1.00000000 0.00000000 0.01000000 0.18421166
104858 0.80000000 60.89500000 11.53815861 3.25270983 0.02984518 159924.47800000 135.25182650 0.08800000 0.30716502 -1.00000000 0.00000000 0.01000000 0.18421166
99615 0.81000000 50.41700000 9.35085823 2.91572608 0.02186038 165166.46300000 128.29276544 0.07300000 0.27883463 -1.00000000 0.00000000 0.00300000 0.09486833
94372 0.82000000 41.78900000 7.01781510 2.64273794 0.01622594 170408.44300000 121.37128878 0.05300000 0.23290609 -1.00000000 0.00000000 0.00000000 0.00000000
89129 0.83000000 35.19800000 5.65072798 2.41715823 0.01210421 175650.40500000 114.31994588 0.03500000 0.18387172 -1.00000000 0.00000000 0.00000000 0.00000000
83886 0.84000000 30.02600000 4.84135960 2.22783449 0.00913107 180892.43400000 107.47448259 0.02400000 0.15312559 -1.00000000 0.00000000 0.00000000 0.00000000
78643 0.85000000 25.59400000 3.87119493 2.06631768 0.00715600 186134.38700000 100.49535585 0.01700000 0.12933572 -1.00000000 0.00000000 0.00000000 0.00000000
73400 0.86000000 22.15200000 3.17126993 1.92686536 0.00563953 191376.43300000 93.55693674 0.01300000 0.11333068 -1.00000000 0.00000000 0.00000000 0.00000000
68157 0.87000000 19.18400000 2.78458218 1.80528533 0.00437935 196618.34100000 86.60735276 0.01100000 0.10435464 -1.00000000 0.00000000 0.00000000 0.00000000
62915 0.88000000 16.63100000 2.28605885 1.69852339 0.00345809 201860.43500000 79.72192522 0.00500000 0.07056897 -1.00000000 0.00000000 0.00000000 0.00000000
57672 0.89000000 14.36200000 1.93977285 1.60394346 0.00272207 207102.42100000 72.76173465 0.00100000 0.03162278 -1.00000000 0.00000000 0.00000000 0.00000000
52429 0.90000000 12.55800000 1.66234756 1.51954254 0.00212426 212344.41100000 65.83993451 0.00100000 0.03162278 -1.00000000 0.00000000 0.00000000 0.00000000
47186 0.91000000 10.95800000 1.41004405 1.44385821 0.00166033 217586.45100000 58.88943508 0.00100000 0.03162278 -1.00000000 0.00000000 0.00000000 0.00000000
41943 0.92000000 9.53600000 1.16019397 1.37549913 0.00125735 222828.46100000 52.01955895 0.00100000 0.03162278 -1.00000000 0.00000000 0.00000000 0.00000000
36700 0.93000000 8.32800000 0.92046905 1.31355739 0.00093540 228070.45100000 45.08736485 0.00100000 0.03162278 -1.00000000 0.00000000 0.00000000 0.00000000
31457 0.94000000 7.41100000 0.73117277 1.25704920 0.00069877 233312.46000000 38.12534514 0.00000000 0.00000000 -1.00000000 0.00000000 0.00000000 0.00000000
26214 0.95000000 6.88000000 0.68122248 1.20537130 0.00052734 238554.50000000 31.19460054 0.00000000 0.00000000 -1.00000000 0.00000000 0.00000000 0.00000000
20972 0.96000000 6.40800000 0.61961272 1.15615310 0.00042805 243796.45000000 24.29027619 0.00000000 0.00000000 -1.00000000 0.00000000 0.00000000 0.00000000
15729 0.97000000 5.57800000 0.62794133 1.10797790 0.00029826 249038.48000000 17.33291753 0.00000000 0.00000000 -1.00000000 0.00000000 0.00000000 0.00000000
10486 0.98000000 4.69900000 0.59392908 1.06275766 0.00017588 254280.49000000 10.45271061 0.00000000 0.00000000 -1.00000000 0.00000000 0.00000000 0.00000000
5243 0.99000000 3.51300000 0.52545895 1.02027276 0.00005514 259522.46000000 3.46993378 0.00000000 0.00000000 -1.00000000 0.00000000 0.00000000 0.00000000
0 1.00000000 1.00000000 0.00000000 1.00000000 0.00000000 262144.00000000 0.00000000 0.00000000 0.00000000 -1.00000000 0.00000000 0.00000000 0.00000000
