# Link Removal Percolation Results (Averaged)
# N=1048576 M=2097152
# M_graphs=1000 M_realizations=10 Total_runs=10000
# Columns:
#(1) edges_remaining (2) frac_removed
#(3) gc_mean (4) gc_std
#(5) small_mean (6) small_std
#(7) comp_mean (8) comp_std
#(9) cycles_mean (10) cycles_std
#(11) lambda1_mean (12) lambda1_std
#(13) core_mean (14) core_std
2097152 0.00000000 1027778.43020000 150.81069761 1.08625074 0.00350744 19972.76830000 141.96540717 1058064.72730000 1386.89273056 -1.00000000 0.00000000 946273.32600000 380.83913345
2076180 0.01000000 1027732.79350000 151.08270932 1.08687762 0.00351855 20011.36750000 142.17091088 1037131.79350000 1372.44238293 -1.00000000 0.00000000 944449.41880000 384.03283314
2055209 0.02000000 1027639.22240000 151.65012665 1.08819030 0.00355817 20090.25940000 142.56843300 1016239.16740000 1357.84662909 -1.00000000 0.00000000 940699.69300000 391.56276290
2034237 0.03000000 1027495.35620000 152.26943199 1.09022571 0.00362550 20211.23460000 143.00367467 995388.60360000 1343.27519894 -1.00000000 0.00000000 936808.71090000 399.13982560
2013266 0.04000000 1027298.42150000 153.07375149 1.09304171 0.00369779 20376.37030000 143.44949478 974582.18330000 1328.65915540 -1.00000000 0.00000000 932769.98750000 407.41313416
1992294 0.05000000 1027045.83160000 154.36586709 1.09666542 0.00378809 20587.52490000 144.32316203 953821.81290001 1314.01858677 -1.00000000 0.00000000 928576.79970000 415.41909860
1971323 0.06000000 1026734.36400000 155.72152845 1.10110922 0.00388731 20847.29190000 145.14873651 933110.05890000 1299.37517700 -1.00000000 0.00000000 924223.65880000 423.53825335
1950351 0.07000000 1026360.91810000 157.11918927 1.10642693 0.00400308 21157.67870000 146.00874536 912448.91770000 1284.50633419 -1.00000000 0.00000000 919703.25240000 431.58930319
1929380 0.08000000 1025921.90800000 159.21632366 1.11261951 0.00417051 21521.38270000 147.39156240 891841.08770000 1269.52171866 -1.00000000 0.00000000 915008.95060000 440.11169536
1908408 0.09000000 1025414.22760000 161.52986346 1.11965423 0.00432302 21940.73850000 148.77134001 871288.88750001 1254.58758532 -1.00000000 0.00000000 910133.58630000 447.06732566
1887437 0.10000000 1024833.63139999 163.47149423 1.12759858 0.00447505 22418.35900000 149.94989569 850794.98000000 1239.71105341 -1.00000000 0.00000000 905067.97960000 454.06032359
1866465 0.11000000 1024177.06960000 165.81162717 1.13636822 0.00463692 22956.70660000 151.32781082 830361.80160000 1225.20951101 -1.00000000 0.00000000 899805.60710000 462.19035334
1845494 0.12000000 1023439.93950000 168.96987578 1.14599411 0.00480237 23558.75360000 153.15305963 809992.37160000 1210.08851938 -1.00000000 0.00000000 894338.32340000 471.96464219
1824522 0.13000000 1022617.19210000 172.33053177 1.15639736 0.00499691 24228.33690000 154.95933027 789690.36190000 1194.78498553 -1.00000000 0.00000000 888653.34490000 482.56631583
1803551 0.14000000 1021705.34750000 176.28218766 1.16753388 0.00518900 24967.73110000 157.16039428 769458.22510001 1179.72728555 -1.00000000 0.00000000 882743.95470000 492.38342010
1782579 0.15000000 1020698.49790000 180.17295364 1.17940669 0.00530910 25780.67820000 159.74545410 749299.65220000 1164.61993611 -1.00000000 0.00000000 876600.58640000 502.57968400
1761608 0.16000000 1019590.35510000 185.31130789 1.19200903 0.00543181 26671.49290000 162.65327958 729218.93090000 1148.53261471 -1.00000000 0.00000000 870211.48770000 514.40049751
1740636 0.17000000 1018376.91590000 190.85506122 1.20524034 0.00560180 27642.75680000 166.06817370 709218.66180000 1132.73224314 -1.00000000 0.00000000 863564.13660000 523.96142730
1719665 0.18000000 1017051.00180000 196.00027706 1.21913496 0.00572468 28698.90340000 169.13970052 689303.26740000 1116.88181756 -1.00000000 0.00000000 856646.54240000 535.51824225
1698693 0.19000000 1015607.02010000 201.73255488 1.23355585 0.00584670 29844.18330000 172.67980233 669477.02730000 1100.74888388 -1.00000000 0.00000000 849447.16800000 545.50188781
1677722 0.20000000 1014036.59270000 207.40402805 1.24853458 0.00599083 31083.58010000 175.95017826 649744.89310000 1084.90458395 -1.00000000 0.00000000 841953.96570000 558.41771960
1656750 0.21000000 1012333.60180000 214.49904480 1.26403135 0.00615261 32420.69530000 180.14896176 630110.46030000 1069.22311752 -1.00000000 0.00000000 834153.03740000 571.31280734
1635779 0.22000000 1010489.62120000 220.24237281 1.28006427 0.00624092 33860.95080000 183.09777677 610579.20380000 1053.73671283 -1.00000000 0.00000000 826027.20610000 581.61169541
1614807 0.23000000 1008495.57670000 226.80008498 1.29658005 0.00633662 35409.66830000 186.59752179 591156.37230000 1037.94195928 -1.00000000 0.00000000 817560.99780000 595.06085667
1593836 0.24000000 1006342.21850000 234.37907226 1.31359088 0.00641659 37072.51110000 190.79339372 571847.69710000 1021.57586898 -1.00000000 0.00000000 808737.96380000 609.16872207
1572864 0.25000000 1004020.72440000 242.59940044 1.33106205 0.00649146 38855.04490000 195.35586266 552658.70890000 1005.04235074 -1.00000000 0.00000000 799544.55160000 621.25795535
1551892 0.26000000 1001521.56690000 251.40583528 1.34904081 0.00658778 40761.77350000 200.53657943 533593.90350000 987.44697090 -1.00000000 0.00000000 789957.46970000 635.16796024
1530921 0.27000000 998833.70560000 259.98094957 1.36742538 0.00667927 42800.15860000 205.10683004 514660.76160000 970.84068731 -1.00000000 0.00000000 779957.28540000 648.72165135
1509949 0.28000000 995943.70590000 268.42188219 1.38636129 0.00673766 44977.07060000 209.63584458 495866.11160000 954.19851961 -1.00000000 0.00000000 769520.10880000 661.24010935
1488978 0.29000000 992840.45520000 278.23725198 1.40584105 0.00683706 47298.73960000 214.60654554 477216.26860000 937.33363595 -1.00000000 0.00000000 758626.94300000 677.03810499
1468006 0.30000000 989506.99770000 288.10243907 1.42592626 0.00697682 49774.18430000 219.55839479 458720.17230000 920.45338277 -1.00000000 0.00000000 747250.76600000 694.17217140
1447035 0.31000000 985932.10540000 298.38601025 1.44660415 0.00705656 52409.10470000 224.49224043 440383.55670000 903.01440924 -1.00000000 0.00000000 735366.63780000 711.62655940
1426063 0.32000000 982099.05610000 310.68063860 1.46791264 0.00721554 55212.99530000 230.12612603 422215.93730000 885.46119244 -1.00000000 0.00000000 722945.94530000 731.85924501
1405092 0.33000000 977988.77660000 321.05265140 1.48996496 0.00727346 58195.30460000 235.11017268 404226.70160000 868.90097816 -1.00000000 0.00000000 709959.63060000 749.51135753
1384120 0.34000000 973583.56170000 334.03864982 1.51282024 0.00740050 61364.54390000 241.39686269 386424.39490000 851.66513531 -1.00000000 0.00000000 696376.00460000 768.48670916
1363149 0.35000000 968863.55730000 346.96645182 1.53651777 0.00753126 64731.17640000 246.69232577 368819.50840000 833.48132171 -1.00000000 0.00000000 682161.86100000 789.46701001
1342177 0.36000000 963807.45510000 360.42551358 1.56117532 0.00766780 68304.15710000 252.40979912 351420.95410000 815.73626226 -1.00000000 0.00000000 667279.22110000 811.21526701
1321206 0.37000000 958393.91780000 375.32667858 1.58681440 0.00783607 72094.36420000 258.72942285 334239.66820000 797.10572452 -1.00000000 0.00000000 651689.80210000 830.07370370
1300234 0.38000000 952593.42480000 388.91497764 1.61368227 0.00790456 76113.90810000 264.97768165 317287.65110000 778.89547295 -1.00000000 0.00000000 635354.37560000 850.83396028
1279263 0.39000000 946382.72660000 405.92659052 1.64175203 0.00807785 80374.61350000 271.70589270 300576.79950000 760.77923776 -1.00000000 0.00000000 618225.01820000 870.55442861
1258291 0.40000000 939730.19550000 422.34654011 1.67121409 0.00828047 84889.43570000 277.16627605 284120.10870000 742.90799519 -1.00000000 0.00000000 600250.42010000 892.01038798
1237320 0.41000000 932600.69100000 440.24037716 1.70230896 0.00850997 89672.99540000 284.39944494 267932.12240000 724.23474773 -1.00000000 0.00000000 581383.84460000 914.59485294
1216348 0.42000000 924963.84980000 457.93490441 1.73514613 0.00875419 94737.23020000 291.13166707 252024.84320000 704.38663181 -1.00000000 0.00000000 561572.72700000 937.86841955
1195377 0.43000000 916777.24630000 476.08438650 1.77000715 0.00892191 100098.73360000 297.70842155 236414.80360000 685.27896696 -1.00000000 0.00000000 540747.88740000 965.95140578
1174405 0.44000000 908001.56410000 495.53318073 1.80702998 0.00920195 105771.33650000 304.15449539 221115.87750000 665.13411778 -1.00000000 0.00000000 518854.48200000 997.19102858
1153434 0.45000000 898589.01330000 518.62999743 1.84656868 0.00953836 111774.29720000 311.24943742 206147.31920000 645.44179476 -1.00000000 0.00000000 495821.23390000 1024.05249433
1132462 0.46000000 888490.59990000 543.34131446 1.88883991 0.00989676 118123.58000000 318.23751462 191525.04400000 624.78116410 -1.00000000 0.00000000 471579.31390000 1057.32136913
1111491 0.47000000 877652.28090000 569.23936999 1.93429444 0.01036428 124836.67250000 324.66365317 177266.62050000 603.88228245 -1.00000000 0.00000000 446055.49390000 1092.50356016
1090519 0.48000000 866009.61440000 596.93797283 1.98327363 0.01091262 131934.84740000 332.07810663 163393.25140000 583.33110693 -1.00000000 0.00000000 419176.02410000 1125.89736859
1069548 0.49000000 853497.09260000 624.08163986 2.03629104 0.01139424 139439.39030000 337.73700152 149926.25930000 562.03306574 -1.00000000 0.00000000 390863.55160000 1165.38422058
1048576 0.50000000 840045.22560000 654.77797834 2.09401683 0.01199418 147367.91450000 344.37804665 136883.26650000 541.45165718 -1.00000000 0.00000000 361054.53370000 1202.29483029
1027604 0.51000000 825565.06760000 686.35112342 2.15722198 0.01277739 155744.47950000 350.26939125 124288.29650000 520.75893711 -1.00000000 0.00000000 329673.55330000 1247.53888993
1006633 0.52000000 809977.66799999 718.94549685 2.22628391 0.01355206 164591.69720000 356.24964238 112163.98420000 499.06988231 -1.00000000 0.00000000 296678.37210000 1301.16048069
985661 0.53000000 793174.77840000 757.86419754 2.30273307 0.01455813 173934.93050000 363.36844625 100535.68750000 476.55986274 -1.00000000 0.00000000 262046.37280000 1351.74072822
964690 0.54000000 775050.65160000 798.35880098 2.38768906 0.01554123 183797.10030000 369.02738321 89426.29930000 453.04672193 -1.00000000 0.00000000 225831.53020000 1396.76139313
943718 0.55000000 755473.86830000 842.64708043 2.48284039 0.01689076 194205.73770000 374.52096509 78863.41770000 430.13453849 -1.00000000 0.00000000 188158.21180000 1434.90508076
922747 0.56000000 734309.28980000 894.80544617 2.58991417 0.01861984 205184.36970000 379.36426419 68870.52070000 407.89779655 -1.00000000 0.00000000 149369.42200000 1485.78648758
901775 0.57000000 711412.28540000 958.01226093 2.71122596 0.02088561 216762.05020000 385.27840119 59476.67220000 383.38177957 -1.00000000 0.00000000 110070.60180000 1532.13694009
880804 0.58000000 686599.73490000 1028.02505163 2.85047304 0.02343624 228962.34500000 392.38540391 50705.43900000 359.38984179 -1.00000000 0.00000000 71516.84770000 1539.96498172
859832 0.59000000 659683.30150000 1108.92154380 3.01144489 0.02662541 241813.11280000 398.58440967 42584.66080000 333.17667808 -1.00000000 0.00000000 36080.72450000 1469.57004121
838861 0.60000000 630438.52500000 1191.12583049 3.19999802 0.03055902 255339.47260000 403.49527245 35139.50760000 308.48113395 -1.00000000 0.00000000 8768.62300000 1196.61759499
817889 0.61000000 598620.52340000 1293.52347499 3.42391273 0.03567186 269565.52290000 407.35441453 28394.00090000 281.97492279 -1.00000000 0.00000000 32.31560000 53.17518930
796918 0.62000000 563951.37370000 1403.17684302 3.69451438 0.04277519 284509.10440000 411.04637088 22366.13340000 254.10299415 -1.00000000 0.00000000 4.84810000 8.25914328
775946 0.63000000 526095.38750000 1545.07955589 4.02838371 0.05292618 300189.41370000 414.30693402 17074.83770000 227.40617871 -1.00000000 0.00000000 2.19280000 4.44317480
754975 0.64000000 484690.52770000 1724.74216171 4.45076678 0.06697370 316617.30940000 417.20750962 12531.19840000 199.43716493 -1.00000000 0.00000000 1.26840000 2.97332230
734003 0.65000000 439310.34180000 1949.48385818 5.00237117 0.08857550 333796.34650000 420.21615485 8738.71650000 170.40244548 -1.00000000 0.00000000 0.82110000 2.23713998
713032 0.66000000 389458.93610000 2220.20289575 5.75238104 0.12628952 351719.40260000 422.97043622 5690.22660000 140.62808851 -1.00000000 0.00000000 0.53180000 1.63849236
692060 0.67000000 334604.51630000 2609.44992813 6.83092505 0.19574987 370364.89310000 423.63874380 3364.18610000 111.14509071 -1.00000000 0.00000000 0.37820000 1.33444477
671089 0.68000000 274081.10040000 3141.12223439 8.51204516 0.33941180 389691.92660000 424.12402258 1719.69560000 81.52484266 -1.00000000 0.00000000 0.26320000 1.07788772
650117 0.69000000 207027.70290000 3924.44525849 11.52986230 0.71997614 409632.52470000 421.71121022 688.75770000 53.30132732 -1.00000000 0.00000000 0.18830000 0.88663506
629146 0.70000000 132517.16990000 5432.23300947 18.51858408 2.41882560 430084.90040000 417.06615914 169.59240000 27.33381013 -1.00000000 0.00000000 0.14790000 0.77219507
608174 0.71000000 47336.22750000 11517.42393731 67.79058119 63.49711332 450898.13660000 408.90854816 11.31660000 6.25079768 -1.00000000 0.00000000 0.10620000 0.64464185
587203 0.72000000 3716.79190000 1876.07861725 41.54171983 6.82020424 471859.63420000 395.51539367 1.26620000 1.12821312 -1.00000000 0.00000000 0.07980000 0.55449320
566231 0.73000000 1083.47270000 367.11887214 17.61367166 1.08002326 492830.62200000 381.15925589 0.71300000 0.83946499 -1.00000000 0.00000000 0.05680000 0.45955944
545260 0.74000000 533.08600000 144.29885246 10.88657200 0.35255194 513801.93910000 366.77316266 0.49610000 0.70030981 -1.00000000 0.00000000 0.04450000 0.40166638
524288 0.75000000 322.58520000 75.27213382 7.84470848 0.15867508 534773.32330000 352.38186116 0.35830000 0.59426966 -1.00000000 0.00000000 0.03240000 0.34082526
503316 0.76000000 217.80250000 46.01509570 6.12394991 0.08482895 555744.74840000 338.01532174 0.26540000 0.51651672 -1.00000000 0.00000000 0.02530000 0.29877891
482345 0.77000000 156.74670000 30.53326329 5.02115522 0.05079887 576716.21790000 323.64132800 0.19990000 0.44582493 -1.00000000 0.00000000 0.01710000 0.24044411
461373 0.78000000 118.13100000 21.76404389 4.25562126 0.03260535 597687.69700000 309.23654395 0.15300000 0.39013616 -1.00000000 0.00000000 0.01360000 0.21591596
440402 0.79000000 91.98260000 16.02602198 3.69336921 0.02198709 618659.20950000 294.85825230 0.11750000 0.34191438 -1.00000000 0.00000000 0.01000000 0.18575104
419430 0.80000000 73.70210000 12.28198845 3.26320391 0.01549262 639630.71230000 280.49123848 0.08930000 0.29821872 -1.00000000 0.00000000 0.00760000 0.15982739
398459 0.81000000 60.00320000 9.48344786 2.92350375 0.01122831 660602.21030000 266.08656201 0.06730000 0.25724954 -1.00000000 0.00000000 0.00510000 0.13295021
377487 0.82000000 49.68030000 7.67033085 2.64863559 0.00829138 681573.72040000 251.71696400 0.05040000 0.22330434 -1.00000000 0.00000000 0.00300000 0.10095553
356516 0.83000000 41.65670000 6.22369011 2.42151496 0.00628560 702545.25460000 237.31845985 0.03760000 0.19336489 -1.00000000 0.00000000 0.00200000 0.08244198
335544 0.84000000 35.19170000 5.08206000 2.23085445 0.00479706 723516.78000000 222.94120543 0.02700000 0.16393196 -1.00000000 0.00000000 0.00200000 0.08244198
314573 0.85000000 29.97680000 4.19916957 2.06842762 0.00372404 744488.29130000 208.55097170 0.01830000 0.13552471 -1.00000000 0.00000000 0.00100000 0.05830386
293601 0.86000000 25.68910000 3.44325817 1.92848217 0.00291897 765459.81710000 194.19644094 0.01310000 0.11545442 -1.00000000 0.00000000 0.00100000 0.05830386
272630 0.87000000 22.08150000 2.84430427 1.80661532 0.00228632 786431.29460000 179.78896579 0.00960000 0.09954311 -1.00000000 0.00000000 0.00070000 0.04999760
251658 0.88000000 19.05200000 2.36356820 1.69954172 0.00179750 807402.88060000 165.40046335 0.00660000 0.08220168 -1.00000000 0.00000000 0.00030000 0.03000000
230687 0.89000000 16.50410000 1.96773230 1.60473010 0.00140564 828374.40390000 151.03835613 0.00390000 0.06233120 -1.00000000 0.00000000 0.00030000 0.03000000
209715 0.90000000 14.33080000 1.67655971 1.52018019 0.00109281 849345.93050000 136.64255921 0.00250000 0.04993996 -1.00000000 0.00000000 0.00030000 0.03000000
188744 0.91000000 12.41870000 1.39992367 1.44432725 0.00084882 870317.48550000 122.27263737 0.00150000 0.03870271 -1.00000000 0.00000000 0.00030000 0.03000000
167772 0.92000000 10.75220000 1.16753222 1.37588360 0.00065657 891289.00500000 107.87662635 0.00100000 0.03160854 -1.00000000 0.00000000 0.00030000 0.03000000
146801 0.93000000 9.34630000 0.95878477 1.31381671 0.00050122 912260.54630000 93.50595485 0.00030000 0.01731878 -1.00000000 0.00000000 0.00000000 0.00000000
125829 0.94000000 8.31440000 0.80784770 1.25727760 0.00038199 933232.06710000 79.09547147 0.00010000 0.01000000 -1.00000000 0.00000000 0.00000000 0.00000000
104858 0.95000000 7.71960000 0.75421000 1.20555242 0.00029764 954203.59200000 64.72159164 0.00000000 0.00000000 -1.00000000 0.00000000 0.00000000 0.00000000
83886 0.96000000 7.17060000 0.71396542 1.15629081 0.00024137 975175.14800000 50.34530327 0.00000000 0.00000000 -1.00000000 0.00000000 0.00000000 0.00000000
62915 0.97000000 6.24890000 0.61105329 1.10806314 0.00016124 996146.67300000 35.95985793 0.00000000 0.00000000 -1.00000000 0.00000000 0.00000000 0.00000000
41943 0.98000000 5.21650000 0.48749514 1.06281212 0.00009032 1017118.20500000 21.56996758 0.00000000 0.00000000 -1.00000000 0.00000000 0.00000000 0.00000000
20972 0.99000000 3.98670000 0.35431012 1.02029563 0.00002853 1038089.73800000 7.18738630 0.00000000 0.00000000 -1.00000000 0.00000000 0.00000000 0.00000000
0 1.00000000 1.00000000 0.00000000 1.00000000 0.00000000 1048576.00000000 0.00000000 0.00000000 0.00000000 -1.00000000 0.00000000 0.00000000 0.00000000
