# Link Removal Percolation Results (Averaged)
# N=8192 M=16384
# M_graphs=1000 M_realizations=10 Total_runs=10000
# Columns:
#(1) edges_remaining (2) frac_removed
#(3) gc_mean (4) gc_std
#(5) small_mean (6) small_std
#(7) comp_mean (8) comp_std
#(9) cycles_mean (10) cycles_std
#(11) lambda1_mean (12) lambda1_std
#(13) core_mean (14) core_std
16384 0.00000000 8029.58520000 14.03519290 1.08483289 0.03875850 157.03710000 13.24398218 8265.49510000 127.39189867 -1.00000000 0.00000000 7393.40200000 32.85161060
16220 0.01000000 8029.22910000 14.04797308 1.08544466 0.03892759 157.33820000 13.24923300 8101.98920000 126.06890267 -1.00000000 0.00000000 7379.10860000 33.20650649
16056 0.02000000 8028.49820000 14.08638489 1.08669785 0.03925293 157.95800000 13.27291426 7938.79300000 124.75429658 -1.00000000 0.00000000 7349.79890000 33.86799024
15892 0.03000000 8027.35960000 14.13560290 1.08871499 0.03981988 158.91690000 13.30255954 7775.92090000 123.43305479 -1.00000000 0.00000000 7319.35390000 34.50677508
15729 0.04000000 8025.83580000 14.20169733 1.09153251 0.04062916 160.19220000 13.34683756 7613.40220000 122.09660599 -1.00000000 0.00000000 7287.78950000 35.22741669
15565 0.05000000 8023.86740000 14.30216321 1.09512354 0.04185961 161.83770000 13.40422792 7451.20570000 120.75368869 -1.00000000 0.00000000 7255.10880000 35.95093336
15401 0.06000000 8021.41820000 14.44547597 1.09950731 0.04312665 163.88410000 13.49723989 7289.42910000 119.36030857 -1.00000000 0.00000000 7221.16280000 36.67777559
15237 0.07000000 8018.49780000 14.59315905 1.10456415 0.04449189 166.32150000 13.59357997 7128.06450000 117.99249282 -1.00000000 0.00000000 7185.86680000 37.37623785
15073 0.08000000 8015.07130000 14.75476827 1.11078132 0.04647982 169.16430000 13.68730213 6967.06630000 116.65190213 -1.00000000 0.00000000 7149.10940000 38.16819242
14909 0.09000000 8011.12320000 14.95261114 1.11766173 0.04812738 172.43030000 13.80155028 6806.53830000 115.25919400 -1.00000000 0.00000000 7110.96440000 38.93132026
14746 0.10000000 8006.59620000 15.18644818 1.12561763 0.05003961 176.14950000 13.93743072 6646.43150000 113.89381058 -1.00000000 0.00000000 7071.43320000 39.66379280
14582 0.11000000 8001.47980000 15.42447352 1.13394980 0.05175879 180.36130000 14.09563163 6486.81830000 112.53647734 -1.00000000 0.00000000 7030.23270000 40.49212160
14418 0.12000000 7995.69610000 15.69568030 1.14361107 0.05397729 185.08730000 14.24109404 6327.80730000 111.16009726 -1.00000000 0.00000000 6987.61850000 41.41878450
14254 0.13000000 7989.31860000 15.99827142 1.15382914 0.05629261 190.29290000 14.41738866 6169.11490000 109.80851829 -1.00000000 0.00000000 6943.29240000 42.31947065
14090 0.14000000 7982.15340000 16.37086647 1.16504586 0.05805146 196.10000000 14.65134349 6011.10400000 108.38157980 -1.00000000 0.00000000 6897.15940000 43.28911164
13926 0.15000000 7974.27830000 16.72765466 1.17697358 0.05975019 202.45340000 14.85426852 5853.62840000 106.97386809 -1.00000000 0.00000000 6849.16300000 44.28287398
13763 0.16000000 7965.64790000 17.11770508 1.18943554 0.06166435 209.39640000 15.06992957 5696.75640000 105.55689501 -1.00000000 0.00000000 6799.17290000 45.24404389
13599 0.17000000 7956.15220000 17.55330872 1.20243847 0.06317555 217.01630000 15.34590447 5540.56930000 104.19885094 -1.00000000 0.00000000 6747.17140000 46.17430269
13435 0.18000000 7945.88340000 17.98552063 1.21579291 0.06459779 225.22520000 15.59864791 5384.95320000 102.78332866 -1.00000000 0.00000000 6693.15580000 47.24109332
13271 0.19000000 7934.62160000 18.49758442 1.22978342 0.06588323 234.17700000 15.88491435 5230.09400000 101.31162307 -1.00000000 0.00000000 6636.93180000 48.38469238
13107 0.20000000 7922.37640000 19.03778786 1.24471346 0.06716911 243.85340000 16.19234781 5075.93740000 99.82168060 -1.00000000 0.00000000 6578.46040000 49.51630053
12943 0.21000000 7909.07220000 19.56113624 1.26030071 0.06838441 254.29450000 16.51601186 4922.56350000 98.30628149 -1.00000000 0.00000000 6517.34020000 50.68438768
12780 0.22000000 7894.67670000 20.17893694 1.27672441 0.06962658 265.51490000 16.83516915 4769.99990000 96.84549450 -1.00000000 0.00000000 6453.75540000 51.86408930
12616 0.23000000 7879.11530000 20.92078330 1.29305034 0.07112608 277.62480000 17.26781523 4618.25980000 95.36869939 -1.00000000 0.00000000 6387.46460000 53.04107731
12452 0.24000000 7862.35670000 21.49190209 1.30973278 0.07205479 290.59640000 17.57314396 4467.41640000 93.91016730 -1.00000000 0.00000000 6318.47270000 54.25628838
12288 0.25000000 7844.26670000 22.14061408 1.32696104 0.07278273 304.50310000 17.89808438 4317.49210000 92.38018915 -1.00000000 0.00000000 6246.59230000 55.45240281
12124 0.26000000 7824.84080000 22.83983409 1.34464297 0.07404115 319.34620000 18.24943971 4168.52920000 90.87439553 -1.00000000 0.00000000 6171.80080000 56.62227943
11960 0.27000000 7803.85110000 23.63288768 1.36300856 0.07532379 335.26300000 18.67538776 4020.63400000 89.34106350 -1.00000000 0.00000000 6093.52630000 57.96984525
11796 0.28000000 7781.31800000 24.49613198 1.38232771 0.07649908 352.22860000 19.09569079 3873.79560000 87.80064758 -1.00000000 0.00000000 6011.91300000 59.49269677
11633 0.29000000 7757.01280000 25.31164760 1.40183438 0.07763677 370.42020000 19.45808042 3728.14120000 86.28022537 -1.00000000 0.00000000 5926.74480000 60.94334321
11469 0.30000000 7731.00510000 26.05824586 1.42217228 0.07867116 389.72390000 19.86832514 3583.63790000 84.72729817 -1.00000000 0.00000000 5837.79350000 62.50948409
11305 0.31000000 7703.09890000 27.05979198 1.44302525 0.07942885 410.28980000 20.38813340 3440.39780000 83.15610530 -1.00000000 0.00000000 5744.90180000 64.22822964
11141 0.32000000 7673.03120000 28.13050229 1.46463122 0.08061076 432.28830000 20.91172191 3298.55930000 81.52040383 -1.00000000 0.00000000 5647.82630000 65.73191916
10977 0.33000000 7640.88280000 29.05180313 1.48696725 0.08167268 455.57440000 21.27739969 3158.01340000 79.88789538 -1.00000000 0.00000000 5546.35600000 67.39829165
10813 0.34000000 7606.59010000 30.15706595 1.50976772 0.08344759 480.29710000 21.81102023 3018.91610000 78.19408349 -1.00000000 0.00000000 5439.87970000 69.29302692
10650 0.35000000 7569.74680000 31.17159374 1.53353306 0.08425926 506.58870000 22.29889361 2881.39770000 76.49825444 -1.00000000 0.00000000 5328.82530000 70.84972229
10486 0.36000000 7530.22480000 32.40317981 1.55788553 0.08546843 534.53890000 22.83419425 2745.54790000 74.84378441 -1.00000000 0.00000000 5212.64970000 72.57270058
10322 0.37000000 7488.20650000 33.50288200 1.58273596 0.08657336 564.02810000 23.26115686 2611.27210000 73.09815863 -1.00000000 0.00000000 5090.73760000 74.39977472
10158 0.38000000 7442.93910000 34.76573395 1.60980357 0.08904673 595.41330000 23.87494261 2478.76430000 71.42624249 -1.00000000 0.00000000 4962.88810000 76.41583420
9994 0.39000000 7394.14480000 36.08686824 1.63922859 0.09182435 628.77800000 24.37779612 2348.31900000 69.69571858 -1.00000000 0.00000000 4828.87000000 78.42932370
9830 0.40000000 7342.21470000 37.58299419 1.66886685 0.09470933 663.97220000 24.86538670 2219.70420000 67.93801778 -1.00000000 0.00000000 4688.22670000 80.92059640
9667 0.41000000 7286.47200000 39.25005315 1.69999113 0.09678195 701.37910000 25.48893783 2093.28210000 66.19364380 -1.00000000 0.00000000 4540.61320000 83.25515076
9503 0.42000000 7226.80230000 40.83902052 1.73313269 0.09938580 740.91500000 26.01998614 1969.01400000 64.45277201 -1.00000000 0.00000000 4385.52100000 85.73738186
9339 0.43000000 7162.76960000 42.51625900 1.76904263 0.10216615 782.77070000 26.60365195 1847.04770000 62.73576972 -1.00000000 0.00000000 4222.56470000 88.18488346
9175 0.44000000 7093.89570000 44.37513647 1.80693481 0.10493035 827.17440000 27.25112194 1727.60040000 60.95102807 -1.00000000 0.00000000 4051.29260000 90.93217831
9011 0.45000000 7020.24060000 46.14748607 1.84695969 0.10839774 874.05320000 27.82831672 1610.67720000 59.12697354 -1.00000000 0.00000000 3870.99270000 93.36337675
8847 0.46000000 6941.11450000 48.35114035 1.88930469 0.11210439 923.74880000 28.40857623 1496.54780000 57.15883509 -1.00000000 0.00000000 3681.49510000 96.20768248
8684 0.47000000 6856.23090000 50.67914584 1.93531536 0.11662708 976.24670000 29.09586390 1385.25570000 55.30225991 -1.00000000 0.00000000 3482.03410000 99.33492578
8520 0.48000000 6765.10410000 53.12274716 1.98365262 0.12120637 1031.80910000 29.66381384 1276.98710000 53.39812796 -1.00000000 0.00000000 3271.48460000 102.38377902
8356 0.49000000 6667.41960000 55.86611888 2.03675939 0.12902375 1090.40350000 30.28012180 1171.74250000 51.51373759 -1.00000000 0.00000000 3050.19460000 105.61686524
8192 0.50000000 6562.26150000 58.71319989 2.09447928 0.13755360 1152.34750000 30.87328068 1069.89050000 49.59688392 -1.00000000 0.00000000 2816.78510000 109.59856798
8028 0.51000000 6449.08530000 61.57639636 2.15710014 0.14550524 1217.82710000 31.37592151 971.53110000 47.51822209 -1.00000000 0.00000000 2571.28990000 114.21295512
7864 0.52000000 6327.00640000 65.04600416 2.22776383 0.15605184 1287.02880000 32.03542098 876.92280000 45.39730754 -1.00000000 0.00000000 2313.91960000 117.82783914
7700 0.53000000 6195.75130000 68.64385804 2.30335472 0.16622323 1360.02850000 32.64380262 786.11150000 43.19232600 -1.00000000 0.00000000 2043.27720000 122.02991473
7537 0.54000000 6054.32260000 72.64276582 2.38675964 0.17816613 1437.12420000 33.33637511 699.38220000 41.08637405 -1.00000000 0.00000000 1760.06240000 126.61261383
7373 0.55000000 5900.98500000 77.08089466 2.48208573 0.19172982 1518.48930000 34.05309453 616.94530000 38.95486691 -1.00000000 0.00000000 1465.75300000 131.04972947
7209 0.56000000 5735.60770000 81.60998603 2.58999946 0.21209376 1604.31290000 34.60423874 538.91790000 36.77699028 -1.00000000 0.00000000 1162.45770000 135.29311451
7045 0.57000000 5556.50000000 86.94251032 2.71385329 0.23506233 1694.65830000 35.29780070 465.46230000 34.62812859 -1.00000000 0.00000000 855.41730000 138.30666374
6881 0.58000000 5362.70860000 93.22892496 2.85233974 0.26228476 1789.91890000 35.90320636 396.89790000 32.32567046 -1.00000000 0.00000000 554.22970000 138.23320071
6717 0.59000000 5150.99960000 100.16137494 3.02103432 0.30592981 1890.42840000 36.39629572 333.57840000 30.03661887 -1.00000000 0.00000000 281.87240000 126.92071228
6554 0.60000000 4921.90090000 107.51567626 3.21066157 0.34810876 1996.13820000 36.81719777 275.47920000 27.70317877 -1.00000000 0.00000000 91.28310000 82.32659668
6390 0.61000000 4672.49900000 117.46273685 3.43816946 0.41259847 2107.23870000 37.35463638 222.76970000 25.37790901 -1.00000000 0.00000000 19.83740000 31.30750992
6226 0.62000000 4401.23840000 128.00482213 3.71115600 0.49342155 2224.03010000 37.74315101 175.79410000 22.95631949 -1.00000000 0.00000000 5.36780000 10.79358019
6062 0.63000000 4103.39930000 141.38785136 4.05932683 0.63164553 2346.69720000 38.05699864 134.57020000 20.43517633 -1.00000000 0.00000000 2.26550000 4.90332683
5898 0.64000000 3778.33090000 157.75275782 4.50124224 0.81659163 2475.13910000 38.40855729 99.21210000 17.81332212 -1.00000000 0.00000000 1.31470000 3.22715128
5734 0.65000000 3420.80850000 178.34506308 5.07664246 1.08362068 2609.35530000 38.62481909 69.61830000 15.17407758 -1.00000000 0.00000000 0.82710000 2.21867029
5571 0.66000000 3024.61330000 205.06926611 5.92480584 1.71516841 2749.46770000 38.82081223 45.91070000 12.54979981 -1.00000000 0.00000000 0.54640000 1.66496975
5407 0.67000000 2582.36040000 247.99178112 7.31328012 3.77650936 2895.26030000 38.98073747 27.89230000 9.78849744 -1.00000000 0.00000000 0.37810000 1.34287778
5243 0.68000000 2079.02430000 322.34645373 10.19434699 8.25104908 3046.53100000 38.99118965 15.30500000 7.15030682 -1.00000000 0.00000000 0.26440000 1.08821462
5079 0.69000000 1504.28010000 410.60079974 15.24460163 12.51930479 3202.52640000 38.82349327 7.49440000 4.62453319 -1.00000000 0.00000000 0.19830000 0.91916353
4915 0.70000000 939.75570000 392.04483893 18.81727946 10.88205966 3362.36570000 38.30689632 3.52670000 2.68868184 -1.00000000 0.00000000 0.14220000 0.76735783
4751 0.71000000 540.06390000 278.06373759 17.11500756 6.59542314 3524.46670000 37.41566095 1.78170000 1.60234262 -1.00000000 0.00000000 0.10100000 0.62035271
4588 0.72000000 316.66650000 169.31138388 13.45307876 3.63652080 3687.51550000 36.22419328 1.04750000 1.09934735 -1.00000000 0.00000000 0.07610000 0.53342033
4424 0.73000000 200.80640000 102.13193434 10.23679856 2.00192724 3850.99020000 34.99584511 0.68920000 0.84762917 -1.00000000 0.00000000 0.06040000 0.47934833
4260 0.74000000 137.24810000 62.70361011 7.99482116 1.18190458 4014.59330000 33.70344326 0.48630000 0.70004380 -1.00000000 0.00000000 0.04320000 0.39667303
4096 0.75000000 99.78710000 41.03917634 6.44751415 0.74041990 4178.30150000 32.35544908 0.36350000 0.60745753 -1.00000000 0.00000000 0.03140000 0.33589481
3932 0.76000000 76.01370000 28.59210841 5.36095265 0.48728737 4342.02560000 31.05747899 0.27260000 0.52546822 -1.00000000 0.00000000 0.02390000 0.29212553
3768 0.77000000 59.50760000 20.51869986 4.56947941 0.33717343 4505.79190000 29.75004371 0.20990000 0.45810804 -1.00000000 0.00000000 0.01770000 0.25257294
3604 0.78000000 48.10710000 15.40342027 3.97044073 0.23771241 4669.54800000 28.43271246 0.16100000 0.40011874 -1.00000000 0.00000000 0.01330000 0.22344597
3441 0.79000000 39.63040000 11.88354820 3.50520404 0.17460360 4833.32770000 27.11594070 0.12570000 0.35568548 -1.00000000 0.00000000 0.01010000 0.18276031
3277 0.80000000 33.13070000 9.42879142 3.13406853 0.13067221 4997.12930000 25.80789387 0.09430000 0.30857257 -1.00000000 0.00000000 0.00790000 0.16260453
3113 0.81000000 28.09490000 7.61210144 2.83270492 0.09868961 5160.91840000 24.45980314 0.07240000 0.26900832 -1.00000000 0.00000000 0.00590000 0.14023964
2949 0.82000000 24.04580000 6.16007281 2.58268095 0.07630556 5324.70550000 23.14141141 0.05550000 0.23500058 -1.00000000 0.00000000 0.00410000 0.11951828
2785 0.83000000 20.68400000 5.00090441 2.37316402 0.05912487 5488.51930000 21.83005457 0.04130000 0.20248064 -1.00000000 0.00000000 0.00240000 0.09162467
2621 0.84000000 18.03320000 4.14449218 2.19512841 0.04670631 5652.32350000 20.50305063 0.03050000 0.17485081 -1.00000000 0.00000000 0.00070000 0.04999760
2458 0.85000000 15.71260000 3.41522585 2.04136734 0.03681199 5816.14450000 19.18362377 0.02250000 0.15031969 -1.00000000 0.00000000 0.00030000 0.03000000
2294 0.86000000 13.83090000 2.90043901 1.90798054 0.02901137 5979.95520000 17.84465848 0.01520000 0.12235382 -1.00000000 0.00000000 0.00030000 0.03000000
2130 0.87000000 12.18320000 2.46394904 1.79098622 0.02309440 6143.72250000 16.53783068 0.01050000 0.10193522 -1.00000000 0.00000000 0.00030000 0.03000000
1966 0.88000000 10.77130000 2.08034350 1.68769051 0.01827967 6307.58160000 15.20036995 0.00660000 0.08097590 -1.00000000 0.00000000 0.00030000 0.03000000
1802 0.89000000 9.53180000 1.77344390 1.59566064 0.01452211 6471.40410000 13.89127424 0.00410000 0.06390304 -1.00000000 0.00000000 0.00030000 0.03000000
1638 0.90000000 8.45710000 1.50239319 1.51319091 0.01143507 6635.22850000 12.57165432 0.00250000 0.04993996 -1.00000000 0.00000000 0.00030000 0.03000000
1475 0.91000000 7.49680000 1.25457051 1.43893061 0.00902296 6799.02180000 11.24112810 0.00180000 0.04239033 -1.00000000 0.00000000 0.00030000 0.03000000
1311 0.92000000 6.68650000 1.06025005 1.37172356 0.00707852 6962.84070000 9.93122281 0.00070000 0.02644957 -1.00000000 0.00000000 0.00030000 0.03000000
1147 0.93000000 5.99210000 0.90438896 1.31057427 0.00543213 7126.66300000 8.60841690 0.00000000 0.00000000 -1.00000000 0.00000000 0.00000000 0.00000000
983 0.94000000 5.46630000 0.78531903 1.25462440 0.00417781 7290.48600000 7.27111346 0.00000000 0.00000000 -1.00000000 0.00000000 0.00000000 0.00000000
819 0.95000000 5.08180000 0.75984636 1.20324925 0.00324315 7454.32800000 5.94692800 0.00000000 0.00000000 -1.00000000 0.00000000 0.00000000 0.00000000
655 0.96000000 4.68730000 0.70892099 1.15435302 0.00259521 7618.12200000 4.63651439 0.00000000 0.00000000 -1.00000000 0.00000000 0.00000000 0.00000000
492 0.97000000 4.15000000 0.59844449 1.10663407 0.00172227 7781.93200000 3.32091536 0.00000000 0.00000000 -1.00000000 0.00000000 0.00000000 0.00000000
328 0.98000000 3.45690000 0.56158163 1.06190711 0.00092924 7945.76900000 2.02633897 0.00000000 0.00000000 -1.00000000 0.00000000 0.00000000 0.00000000
164 0.99000000 2.73710000 0.48744984 1.01982603 0.00025760 8109.57600000 0.73775228 0.00000000 0.00000000 -1.00000000 0.00000000 0.00000000 0.00000000
0 1.00000000 1.00000000 0.00000000 1.00000000 0.00000000 8192.00000000 0.00000000 0.00000000 0.00000000 -1.00000000 0.00000000 0.00000000 0.00000000
