# Link Removal Percolation Results (Averaged)
# N=524288 M=1048576
# M_graphs=1000 M_realizations=10 Total_runs=10000
# Columns:
#(1) edges_remaining (2) frac_removed
#(3) gc_mean (4) gc_std
#(5) small_mean (6) small_std
#(7) comp_mean (8) comp_std
#(9) cycles_mean (10) cycles_std
#(11) lambda1_mean (12) lambda1_std
#(13) core_mean (14) core_std
1048576 0.00000000 513888.17460000 110.98666190 1.08621388 0.00494711 9987.99550000 103.91331328 529021.28550000 1016.44037370 -1.00000000 0.00000000 473123.49000000 268.77101348
1038090 0.01000000 513865.43900000 111.10016383 1.08683475 0.00497600 10007.23870000 103.95237723 518554.87470000 1005.85365663 -1.00000000 0.00000000 472211.67990000 271.68545735
1027604 0.02000000 513818.66350000 111.31489913 1.08814887 0.00503752 10046.66230000 104.01855914 508108.68830000 995.18202359 -1.00000000 0.00000000 470335.79870000 277.73644689
1017119 0.03000000 513746.60310000 112.00910755 1.09017568 0.00510882 10107.28770000 104.41891237 497683.65270000 984.34206260 -1.00000000 0.00000000 468390.08420000 283.85885347
1006633 0.04000000 513648.25600000 112.75916072 1.09298549 0.00524453 10189.78330000 104.94343454 487280.50930000 973.61919925 -1.00000000 0.00000000 466371.66870000 289.79875927
996147 0.05000000 513521.94850000 113.52906206 1.09661136 0.00536413 10295.39440000 105.50670981 476900.48940000 962.81524407 -1.00000000 0.00000000 464274.88660000 295.03294966
985661 0.06000000 513365.98300000 114.30368342 1.10106670 0.00553333 10425.44830000 106.00034214 466544.92230000 951.97593566 -1.00000000 0.00000000 462099.05850000 300.70465312
975176 0.07000000 513179.32830000 115.50149773 1.10637465 0.00570209 10580.59470000 106.71100672 456214.43370000 940.95907881 -1.00000000 0.00000000 459838.48030000 307.18674708
964690 0.08000000 512960.00510000 116.81342051 1.11254802 0.00589846 10762.31450000 107.64790754 445910.50350000 929.92020354 -1.00000000 0.00000000 457490.77960000 313.04435644
954204 0.09000000 512706.53080000 118.53354914 1.11959079 0.00609599 10971.65980000 108.75134643 435634.21080000 918.87346920 -1.00000000 0.00000000 455052.15020000 320.05096048
943718 0.10000000 512416.87410000 120.19210982 1.12749621 0.00634156 11210.03220000 109.83052234 425386.96220000 907.97310681 -1.00000000 0.00000000 452520.10870000 326.82233364
933233 0.11000000 512088.22990000 122.32937134 1.13631154 0.00656287 11479.37640000 111.14887732 415170.65740000 896.99433661 -1.00000000 0.00000000 449888.83000000 333.55757999
922747 0.12000000 511719.54280000 124.45197225 1.14590699 0.00687628 11780.58090000 112.43786943 404986.29090000 885.78421393 -1.00000000 0.00000000 447154.12130000 341.15725174
912261 0.13000000 511308.66310000 126.88824162 1.15627445 0.00707420 12115.04640000 113.80985333 394835.05940000 874.54327307 -1.00000000 0.00000000 444312.09470000 348.43362199
901775 0.14000000 510852.16650000 129.99615332 1.16745047 0.00728998 12485.09480000 115.68474882 384719.46580000 863.28516364 -1.00000000 0.00000000 441357.63370000 355.58177592
891290 0.15000000 510349.08200000 132.82809419 1.17930523 0.00750566 12891.37550000 117.37790447 374640.10950000 851.97352400 -1.00000000 0.00000000 438285.39750000 361.47717780
880804 0.16000000 509795.27620000 135.84967953 1.19188461 0.00767583 13336.61820000 119.27482248 364599.72620000 840.57756566 -1.00000000 0.00000000 435089.82600000 368.86979711
870318 0.17000000 509188.18110000 139.52133358 1.20512216 0.00792266 13822.64540000 121.41160792 354600.11040000 828.95195768 -1.00000000 0.00000000 431764.83380000 376.95977165
859832 0.18000000 508524.84110000 143.24272232 1.21900370 0.00806351 14351.04680000 123.71826312 344642.88080000 817.28072201 -1.00000000 0.00000000 428307.33170000 384.96581971
849347 0.19000000 507802.55220000 147.13448722 1.23346181 0.00825166 14923.82310000 126.29270205 334730.02610000 805.96797334 -1.00000000 0.00000000 424708.64990000 393.34410138
838861 0.20000000 507017.24470000 151.32562693 1.24848263 0.00840032 15543.50930000 128.88305551 324864.06730000 794.40509497 -1.00000000 0.00000000 420961.83960000 401.82041765
828375 0.21000000 506165.29980000 155.87191320 1.26401084 0.00862999 16212.45530000 131.42678457 315047.37230000 782.57432820 -1.00000000 0.00000000 417061.13140000 410.94163386
817889 0.22000000 505243.86960000 161.45534422 1.27997478 0.00877831 16932.18140000 134.59828812 305281.47840000 770.76276276 -1.00000000 0.00000000 412997.13170000 420.80282872
807404 0.23000000 504247.26990000 166.48706691 1.29649679 0.00891932 17706.26890000 137.35060652 295569.93290000 759.03269472 -1.00000000 0.00000000 408764.71150000 429.18882601
796918 0.24000000 503170.74210000 171.68060930 1.31354202 0.00908483 18537.45590000 140.45356519 285915.46890000 747.17327644 -1.00000000 0.00000000 404354.06560000 436.88001180
786432 0.25000000 502010.16060000 177.78259328 1.33105964 0.00923824 19428.21900000 143.66201557 276320.57800000 734.98196669 -1.00000000 0.00000000 399754.09960000 446.39218080
775946 0.26000000 500760.75720000 183.47278456 1.34899741 0.00933952 20381.69670000 146.95735693 266788.42970000 723.17036070 -1.00000000 0.00000000 394960.07930000 457.75101028
765460 0.27000000 499416.27640000 190.01056551 1.36749418 0.00947113 21400.91910000 150.51558009 257322.03410000 710.61202754 -1.00000000 0.00000000 389959.25280000 468.60266937
754975 0.28000000 497970.31230000 196.64928900 1.38648262 0.00963024 22489.88050000 154.01758913 247925.33050000 698.33913898 -1.00000000 0.00000000 384740.56050000 479.74390894
744489 0.29000000 496416.99920000 202.81907000 1.40598616 0.00973498 23651.84070000 157.26103849 238601.66970000 685.86440395 -1.00000000 0.00000000 379292.66680000 489.78537008
734003 0.30000000 494750.30450000 210.04403260 1.42602473 0.00987189 24889.93550000 160.95490607 229354.12550000 673.16921456 -1.00000000 0.00000000 373605.08350000 502.22138541
723517 0.31000000 492962.57580000 217.61335118 1.44672547 0.01002896 26207.59320000 164.30854099 220186.17020000 660.74045678 -1.00000000 0.00000000 367663.35140000 511.40215519
713032 0.32000000 491045.98140000 225.22790639 1.46801111 0.01012894 27609.82340000 167.84650386 211102.76140000 647.73829681 -1.00000000 0.00000000 361453.39490000 523.26427081
702546 0.33000000 488989.43710000 232.81371666 1.49012644 0.01029948 29101.57280000 171.37309349 202108.86280000 634.89859080 -1.00000000 0.00000000 354961.99850000 537.61085372
692060 0.34000000 486787.38840000 241.62084349 1.51286711 0.01049293 30686.37710000 175.52518681 193208.01910000 621.67280320 -1.00000000 0.00000000 348169.37270000 551.06545592
681574 0.35000000 484429.14360000 250.84991997 1.53647332 0.01065340 32368.84550000 179.41559360 184404.86850000 608.87990005 -1.00000000 0.00000000 341063.69390000 565.60151371
671089 0.36000000 481901.88790000 260.32997273 1.56104729 0.01081344 34155.34010000 183.65170194 175705.72410000 596.00366594 -1.00000000 0.00000000 333624.25250000 580.72885785
660603 0.37000000 479193.45140000 270.66684336 1.58676124 0.01103192 36050.98470000 188.34036178 167115.80370000 582.25420854 -1.00000000 0.00000000 325829.00150000 595.69594246
650117 0.38000000 476293.33140000 280.49219840 1.61363025 0.01123122 38060.79910000 192.73148544 158639.90510000 568.55825378 -1.00000000 0.00000000 317660.79340000 609.89012725
639631 0.39000000 473188.43400000 292.29816261 1.64175269 0.01145141 40190.70270000 197.40434382 150284.16870000 554.89029183 -1.00000000 0.00000000 309094.73150000 624.77134484
629146 0.40000000 469861.51330000 303.94725697 1.67124544 0.01173950 42448.26080000 202.36959883 142056.10680000 540.50171045 -1.00000000 0.00000000 300108.65700000 642.29541061
618660 0.41000000 466296.80690000 316.36123159 1.70227696 0.01200854 44840.31070000 206.33719022 133962.49470000 526.22847416 -1.00000000 0.00000000 290675.38950000 659.92433324
608174 0.42000000 462478.67450000 328.19158539 1.73518726 0.01231519 47371.88860000 210.25071255 126008.44560000 512.44107918 -1.00000000 0.00000000 280767.37170000 678.59139028
597688 0.43000000 458384.28360000 342.90621172 1.77004163 0.01267185 50052.89090000 214.84228987 118203.81790000 498.12916860 -1.00000000 0.00000000 270354.63400000 698.09734911
587203 0.44000000 453996.25190000 357.19981273 1.80707163 0.01311456 52889.59360000 219.27179174 110554.88460000 483.54676261 -1.00000000 0.00000000 259406.64040000 719.31315116
576717 0.45000000 449289.83370000 371.06403207 1.84652564 0.01345402 55891.38250000 224.07702882 103071.04150000 469.75350687 -1.00000000 0.00000000 247891.40610000 739.22769222
566231 0.46000000 444239.70450000 387.09024951 1.88882544 0.01392250 59066.00440000 229.60714040 95760.01540000 455.07405420 -1.00000000 0.00000000 235771.86120000 760.31434876
555745 0.47000000 438819.11020000 406.13663335 1.93421260 0.01478898 62422.93740000 235.19427314 88631.33240000 439.31698858 -1.00000000 0.00000000 223012.69140000 783.07924227
545260 0.48000000 432997.95400000 425.42183025 1.98316970 0.01543769 65972.48280000 239.94001672 81695.22680000 424.25044067 -1.00000000 0.00000000 209570.64660000 811.24912969
534774 0.49000000 426744.74940000 446.32757458 2.03627745 0.01612462 69722.51460000 244.99756115 74959.61160000 409.02875327 -1.00000000 0.00000000 195415.80240000 840.78646810
524288 0.50000000 420016.25560000 468.20163450 2.09408426 0.01702464 73687.28820000 250.41889845 68438.78620000 393.68560645 -1.00000000 0.00000000 180507.87140000 868.88514201
513802 0.51000000 412774.27250000 489.60227622 2.15728880 0.01798076 77876.55640000 254.82375269 62142.40740000 378.38269275 -1.00000000 0.00000000 164815.82050000 897.70711364
503316 0.52000000 404981.83110000 513.94875591 2.22639704 0.01904382 82300.11760000 259.20769671 56080.33660000 362.03669642 -1.00000000 0.00000000 148319.25810000 936.39782036
492831 0.53000000 396579.86650000 542.54317339 2.30279239 0.02059555 86972.43660000 264.69022436 50267.02060000 345.30721406 -1.00000000 0.00000000 131002.38900000 971.32206653
482345 0.54000000 387514.56320000 572.81600364 2.38770390 0.02226384 91903.62830000 268.86239275 44712.56430000 329.26832102 -1.00000000 0.00000000 112895.24880000 1003.31518469
471859 0.55000000 377726.01480000 608.00303054 2.48269645 0.02427010 97107.92770000 272.98377404 39431.23170000 313.13149530 -1.00000000 0.00000000 94068.70750000 1039.76748516
461373 0.56000000 367146.28180000 643.15650725 2.58976251 0.02647368 102598.15300000 276.71094139 34435.82100000 296.64172733 -1.00000000 0.00000000 74674.47130000 1078.22986777
450888 0.57000000 355694.35600000 683.85122074 2.71131606 0.02943657 108386.91570000 280.09091504 29738.97270000 279.70101434 -1.00000000 0.00000000 55038.36700000 1104.30999559
440402 0.58000000 343290.30610000 733.88028767 2.85024819 0.03273782 114487.89280000 285.01573449 25354.30380000 260.59231482 -1.00000000 0.00000000 35753.88670000 1112.98632378
429916 0.59000000 329834.05620000 785.89709420 3.01141455 0.03728729 120913.68320000 289.25800811 21294.43220000 242.30263734 -1.00000000 0.00000000 18032.16890000 1058.23444321
419430 0.60000000 315210.58640000 851.26485956 3.20019349 0.04275545 127677.40560000 294.30476554 17572.53460000 222.76014817 -1.00000000 0.00000000 4392.94490000 850.55796202
408945 0.61000000 299307.88170000 926.51025522 3.42338362 0.05063500 134789.68900000 298.04753197 14199.17800000 203.64512872 -1.00000000 0.00000000 33.91440000 57.67159330
398459 0.62000000 281973.33510000 1007.45174401 3.69425636 0.06061746 142261.51010000 301.80090138 11185.42110000 184.56060532 -1.00000000 0.00000000 4.85650000 8.58174064
387973 0.63000000 263045.90300000 1104.54205982 4.02872723 0.07470158 150100.84640000 304.53168794 8539.05740000 164.88487622 -1.00000000 0.00000000 2.21400000 4.49615675
377487 0.64000000 242354.79730000 1230.77841782 4.45022794 0.09543661 158314.07570000 306.95975860 6266.64770000 144.57128093 -1.00000000 0.00000000 1.25220000 2.97682403
367002 0.65000000 219659.10300000 1395.56219259 5.00371526 0.12831743 166903.24920000 309.36527954 4370.20220000 123.66906775 -1.00000000 0.00000000 0.78900000 2.19616969
356516 0.66000000 194742.46200000 1604.73162208 5.75224110 0.18222481 175864.23680000 310.65451091 2845.54180000 101.81058094 -1.00000000 0.00000000 0.52090000 1.67703442
346030 0.67000000 167297.65460000 1868.04787085 6.83494780 0.27758324 185186.70030000 311.37663532 1682.37630000 80.06945741 -1.00000000 0.00000000 0.36380000 1.34262051
335544 0.68000000 137011.54530000 2246.88926725 8.52303758 0.47625762 194850.57730000 311.39579374 860.59530000 59.12983470 -1.00000000 0.00000000 0.25540000 1.09118738
325059 0.69000000 103476.50960000 2856.05127069 11.56521081 1.05697590 204821.01840000 310.42607896 345.42340000 38.40786702 -1.00000000 0.00000000 0.18100000 0.87927033
314573 0.70000000 66119.55820000 3902.20560487 18.74991697 3.69427204 215047.27510000 307.64070586 86.04110000 19.28231811 -1.00000000 0.00000000 0.13160000 0.73697744
304087 0.71000000 22905.79020000 7475.50816475 67.03743278 53.55534577 225454.01610000 301.69901801 7.16110000 4.51588154 -1.00000000 0.00000000 0.09770000 0.62943969
293601 0.72000000 2774.53930000 1424.47879915 37.02811835 6.86038710 235933.74660000 291.79942543 1.24560000 1.12071684 -1.00000000 0.00000000 0.07170000 0.53924780
283116 0.73000000 902.61820000 324.05946658 17.04753821 1.30974114 246418.84890000 281.21944120 0.71090000 0.84569067 -1.00000000 0.00000000 0.05140000 0.43860834
272630 0.74000000 461.78480000 133.65087858 10.73243512 0.45785601 256904.25100000 270.61327897 0.48700000 0.69948547 -1.00000000 0.00000000 0.03920000 0.37878451
262144 0.75000000 284.05190000 72.54202121 7.78435464 0.21247315 267389.77190000 259.99738332 0.35390000 0.59522283 -1.00000000 0.00000000 0.02920000 0.32149292
251658 0.76000000 193.97580000 45.04594686 6.09445950 0.11613863 277875.33370000 249.37822939 0.26470000 0.51697257 -1.00000000 0.00000000 0.02520000 0.30195046
241172 0.77000000 140.83370000 30.06374939 5.00549768 0.06992274 288360.88610000 238.77451592 0.20310000 0.44907745 -1.00000000 0.00000000 0.01830000 0.25840237
230687 0.78000000 106.82680000 21.36177976 4.24589638 0.04509969 298846.47480000 228.18423339 0.15280000 0.38970161 -1.00000000 0.00000000 0.01200000 0.20895063
220201 0.79000000 83.80870000 15.93197687 3.68735350 0.03073007 309332.07970000 217.54812402 0.11670000 0.34218828 -1.00000000 0.00000000 0.00740000 0.16777382
209715 0.80000000 67.29730000 12.08636921 3.25926020 0.02164211 319817.69830000 206.95703708 0.09030000 0.30125568 -1.00000000 0.00000000 0.00490000 0.13666696
199229 0.81000000 54.97420000 9.38690288 2.92080095 0.01579862 330303.30630000 196.32088954 0.06730000 0.25879994 -1.00000000 0.00000000 0.00380000 0.11039374
188744 0.82000000 45.57740000 7.46325527 2.64669117 0.01177213 340788.90110000 185.72822999 0.05010000 0.22359559 -1.00000000 0.00000000 0.00180000 0.07346632
178258 0.83000000 38.20850000 5.98932508 2.42019709 0.00890373 351274.55080000 175.09735500 0.03780000 0.19435776 -1.00000000 0.00000000 0.00120000 0.05999100
167772 0.84000000 32.35240000 4.85907144 2.22984826 0.00685594 361760.16630000 164.49048713 0.02730000 0.16540086 -1.00000000 0.00000000 0.00120000 0.05999100
157286 0.85000000 27.70180000 4.01079611 2.06771350 0.00531752 372245.79640000 153.90317335 0.02040000 0.14347787 -1.00000000 0.00000000 0.00030000 0.03000000
146801 0.86000000 23.79640000 3.30962874 1.92793349 0.00414241 382731.43300000 143.27531083 0.01500000 0.12237850 -1.00000000 0.00000000 0.00030000 0.03000000
136315 0.87000000 20.55800000 2.78768957 1.80621941 0.00326362 393216.99040000 132.66577075 0.01040000 0.10145378 -1.00000000 0.00000000 0.00000000 0.00000000
125829 0.88000000 17.82050000 2.32603112 1.69923647 0.00256866 403702.69340000 122.03744798 0.00740000 0.08570866 -1.00000000 0.00000000 0.00000000 0.00000000
115343 0.89000000 15.44390000 1.95980532 1.60451309 0.00200895 414188.33940000 111.41613062 0.00440000 0.06618971 -1.00000000 0.00000000 0.00000000 0.00000000
104858 0.90000000 13.42050000 1.65606582 1.52002916 0.00156756 424673.95900000 100.81659942 0.00300000 0.05469277 -1.00000000 0.00000000 0.00000000 0.00000000
94372 0.91000000 11.67310000 1.42247627 1.44420878 0.00122664 435159.59570000 90.20255590 0.00170000 0.04119805 -1.00000000 0.00000000 0.00000000 0.00000000
83886 0.92000000 10.14810000 1.17664984 1.37580085 0.00094742 445645.22570000 79.61285562 0.00070000 0.02644957 -1.00000000 0.00000000 0.00000000 0.00000000
73400 0.93000000 8.84610000 0.97298996 1.31375384 0.00072913 456130.87920000 68.97417017 0.00020000 0.01414143 -1.00000000 0.00000000 0.00000000 0.00000000
62915 0.94000000 7.88260000 0.84290467 1.25722571 0.00055827 466616.50000000 58.37805067 0.00000000 0.00000000 -1.00000000 0.00000000 0.00000000 0.00000000
52429 0.95000000 7.34880000 0.78651155 1.20550843 0.00043495 477102.13100000 47.76297697 0.00000000 0.00000000 -1.00000000 0.00000000 0.00000000 0.00000000
41943 0.96000000 6.79170000 0.75469733 1.15625431 0.00034916 487587.77000000 37.14553915 0.00000000 0.00000000 -1.00000000 0.00000000 0.00000000 0.00000000
31457 0.97000000 5.92700000 0.66160016 1.10803675 0.00023058 498073.41200000 26.53753342 0.00000000 0.00000000 -1.00000000 0.00000000 0.00000000 0.00000000
20972 0.98000000 4.99120000 0.51570258 1.06279392 0.00013011 508559.04100000 15.91787225 0.00000000 0.00000000 -1.00000000 0.00000000 0.00000000 0.00000000
10486 0.99000000 3.77280000 0.47958645 1.02028774 0.00003989 519044.69500000 5.31458366 0.00000000 0.00000000 -1.00000000 0.00000000 0.00000000 0.00000000
0 1.00000000 1.00000000 0.00000000 1.00000000 0.00000000 524288.00000000 0.00000000 0.00000000 0.00000000 -1.00000000 0.00000000 0.00000000 0.00000000
