# Node Removal Percolation Results (Averaged)
# N=2097152 Strategy=ci
# M_graphs=10000 M_realizations=1 Total_runs=10000
# Columns:
#(1) nodes_remaining (2) frac_removed
#(3) gc_mean (4) gc_std
#(5) small_mean (6) small_std
#(7) comp_mean (8) comp_std
#(9) cycles_mean (10) cycles_std
#(11) lambda1_mean (12) lambda1_std
2097152 0.00000000 0.97441130 0.00009895 1.09063323 0.00246495 41385.11050000 193.81271998 2037424.10120001 226.65671463 -1.00000000 0.00000000
2076180 0.01000000 0.96291436 0.00010218 1.09952685 0.00254153 44221.93710000 198.95717765 1870569.95810000 275.20376970 -1.00000000 0.00000000
2055209 0.02000000 0.95133475 0.00010655 1.10930168 0.00260251 47186.47870000 206.71936057 1720803.12950000 331.14414320 -1.00000000 0.00000000
2034237 0.03000000 0.93960432 0.00011319 1.12005404 0.00268826 50405.83400000 217.93238882 1582857.66400000 400.60262624 -1.00000000 0.00000000
2013266 0.04000000 0.92786197 0.00011615 1.13176282 0.00277646 53602.19030000 221.92815120 1454012.39070000 407.02991166 -1.00000000 0.00000000
1992294 0.05000000 0.91572876 0.00011889 1.14606227 0.00290187 57476.53310000 225.38375294 1331454.89370000 416.80719790 -1.00000000 0.00000000
1971323 0.06000000 0.90337993 0.00012109 1.16188522 0.00304160 61695.11080000 227.18269547 1216401.39250000 436.12640423 -1.00000000 0.00000000
1950351 0.07000000 0.89144350 0.00013150 1.17781266 0.00317791 65065.60350000 244.74747562 1109439.09370000 471.30327985 -1.00000000 0.00000000
1929380 0.08000000 0.87855885 0.00013317 1.19935444 0.00335284 70076.79260000 243.81807093 1004896.64480000 473.52797035 -1.00000000 0.00000000
1908408 0.09000000 0.86566364 0.00014643 1.22355570 0.00359527 74963.31030000 264.67744337 906824.66420000 502.13595339 -1.00000000 0.00000000
1887437 0.10000000 0.85203918 0.00015340 1.25302095 0.00386885 81003.16850000 272.65312483 813110.86150000 497.86331307 -1.00000000 0.00000000
1866465 0.11000000 0.83895682 0.00015430 1.28382867 0.00418374 85893.88930000 268.23824526 727362.32830000 505.04437043 -1.00000000 0.00000000
1845494 0.12000000 0.82443183 0.00017092 1.32555261 0.00458290 93027.19590000 291.43796447 643083.69380000 498.49757354 -1.00000000 0.00000000
1824522 0.13000000 0.80972236 0.00017743 1.37534631 0.00508511 100093.72030000 293.82639171 563923.82400000 495.69211865 -1.00000000 0.00000000
1803551 0.14000000 0.79415201 0.00018970 1.43781218 0.00573571 108129.36500000 304.23493564 488814.94950000 493.29151402 -1.00000000 0.00000000
1782579 0.15000000 0.77785628 0.00021222 1.51481578 0.00656566 116767.12440000 328.19569919 418901.84560000 476.28972291 -1.00000000 0.00000000
1761608 0.16000000 0.76057205 0.00022633 1.61212892 0.00763010 126196.09290000 334.69066323 354551.24550000 468.31922352 -1.00000000 0.00000000
1740636 0.17000000 0.74186768 0.00024779 1.74192515 0.00907845 136628.72010000 347.94834036 294289.31380000 458.22631599 -1.00000000 0.00000000
1719665 0.18000000 0.72020979 0.00027367 1.91841723 0.01114836 149955.86840000 356.39570434 237671.76110000 449.22592225 -1.00000000 0.00000000
1698693 0.19000000 0.69579879 0.00031526 2.16255497 0.01411627 164888.92780000 374.77348960 185839.81070000 429.48449141 -1.00000000 0.00000000
1677722 0.20000000 0.66701941 0.00037133 2.51825476 0.01867660 182278.28580000 391.68160305 138655.07880000 406.76600675 -1.00000000 0.00000000
1656750 0.21000000 0.63220063 0.00045941 3.06037560 0.02621968 202021.91710000 412.67371565 97028.21000000 386.79829704 -1.00000000 0.00000000
1635779 0.22000000 0.59010178 0.00058790 3.91136479 0.04035433 222456.01110000 432.07088365 62886.09230000 334.29360269 -1.00000000 0.00000000
1614807 0.23000000 0.53474174 0.00078022 5.33399012 0.06765139 245976.22440000 452.56963262 36018.40930000 267.32395512 -1.00000000 0.00000000
1593836 0.24000000 0.44788661 0.00121544 8.29505062 0.14587153 279573.20520000 480.55202894 15178.44160000 198.07827970 -1.00000000 0.00000000
1572864 0.25000000 0.32317011 0.00221403 15.30847931 0.47624615 316882.63410000 540.55637776 3942.98140000 118.77122259 -1.00000000 0.00000000
1551892 0.26000000 0.11456477 0.00607571 62.31214490 10.74706991 358707.74910000 559.09575205 112.46940000 22.68531521 -1.00000000 0.00000000
1530921 0.27000000 0.00057116 0.00015278 34.17961668 1.28010030 407379.96650000 563.38907702 0.84390000 0.91750584 -1.00000000 0.00000000
1509949 0.28000000 0.00013756 0.00002499 13.62680567 0.14733445 451176.40460000 584.01168333 0.43910000 0.66221978 -1.00000000 0.00000000
1488978 0.29000000 0.00006355 0.00000962 8.57331402 0.04885807 492407.65440000 554.45770884 0.26630000 0.51576246 -1.00000000 0.00000000
1468006 0.30000000 0.00003738 0.00000489 6.33244947 0.02102624 530281.17730000 512.52140646 0.17180000 0.41916862 -1.00000000 0.00000000
1447035 0.31000000 0.00002648 0.00000321 5.16031753 0.01480015 564514.45170000 546.32418735 0.12040000 0.35002299 -1.00000000 0.00000000
1426063 0.32000000 0.00001911 0.00000211 4.32212947 0.00840529 597124.86610000 483.94605087 0.08170000 0.28919453 -1.00000000 0.00000000
1405092 0.33000000 0.00001533 0.00000166 3.80466400 0.00735951 624709.67870000 540.02109472 0.05920000 0.24228337 -1.00000000 0.00000000
1384120 0.34000000 0.00001108 0.00000100 3.30549409 0.00565986 658253.90680000 542.66447017 0.04110000 0.20252134 -1.00000000 0.00000000
1363149 0.35000000 0.00000975 0.00000087 3.01818164 0.00427642 679607.11900000 513.03052353 0.03020000 0.17346749 -1.00000000 0.00000000
1342177 0.36000000 0.00000846 0.00000075 2.74076022 0.00367387 705436.84090000 518.72767020 0.02090000 0.14513889 -1.00000000 0.00000000
1321206 0.37000000 0.00000723 0.00000063 2.49206506 0.00295532 731181.69290000 486.04160957 0.01270000 0.11198198 -1.00000000 0.00000000
1300234 0.38000000 0.00000619 0.00000053 2.29503326 0.00266746 752284.98260000 486.65934495 0.00620000 0.07849953 -1.00000000 0.00000000
1279263 0.39000000 0.00000513 0.00000044 2.11801770 0.00212236 773729.19550000 498.12866801 0.00300000 0.05469277 -1.00000000 0.00000000
1258291 0.40000000 0.00000404 0.00000033 1.96998715 0.00190673 796036.01310000 501.60157869 0.00050000 0.02235621 -1.00000000 0.00000000
1237320 0.41000000 0.00000279 0.00000019 1.83350726 0.00163818 818675.58890000 503.06524821 0.00000000 0.00000000 -1.00000000 0.00000000
1216348 0.42000000 0.00000279 0.00000020 1.72851297 0.00139217 839669.04610000 488.24002418 0.00000000 0.00000000 -1.00000000 0.00000000
1195377 0.43000000 0.00000278 0.00000020 1.65032175 0.00092538 852992.73160000 377.11006956 0.00000000 0.00000000 -1.00000000 0.00000000
1174405 0.44000000 0.00000275 0.00000022 1.64014223 0.00092533 841666.71400000 373.34095188 0.00000000 0.00000000 -1.00000000 0.00000000
1153434 0.45000000 0.00000272 0.00000023 1.63002587 0.00092381 830211.31550000 368.20490796 0.00000000 0.00000000 -1.00000000 0.00000000
1132462 0.46000000 0.00000269 0.00000024 1.61997069 0.00091734 818627.25260000 362.00809795 0.00000000 0.00000000 -1.00000000 0.00000000
1111491 0.47000000 0.00000265 0.00000024 1.60997029 0.00091484 806916.22070000 357.82885370 0.00000000 0.00000000 -1.00000000 0.00000000
1090519 0.48000000 0.00000262 0.00000024 1.60002409 0.00091099 795079.80990000 351.92891066 0.00000000 0.00000000 -1.00000000 0.00000000
1069548 0.49000000 0.00000258 0.00000024 1.59012922 0.00090730 783117.93990000 347.34103194 0.00000000 0.00000000 -1.00000000 0.00000000
1048576 0.50000000 0.00000255 0.00000023 1.57923268 0.00090403 771462.39690000 342.03565897 0.00000000 0.00000000 -1.00000000 0.00000000
1027604 0.51000000 0.00000252 0.00000022 1.56724860 0.00090084 760130.77070000 337.62268974 0.00000000 0.00000000 -1.00000000 0.00000000
1006633 0.52000000 0.00000250 0.00000021 1.55524993 0.00090049 748671.79040000 334.13303721 0.00000000 0.00000000 -1.00000000 0.00000000
985661 0.53000000 0.00000247 0.00000019 1.54324322 0.00089813 737079.47200000 329.38498154 0.00000000 0.00000000 -1.00000000 0.00000000
964690 0.54000000 0.00000246 0.00000017 1.53124386 0.00089420 725350.40450000 324.43501397 0.00000000 0.00000000 -1.00000000 0.00000000
943718 0.55000000 0.00000244 0.00000016 1.51925234 0.00088712 713477.38590000 317.87767837 0.00000000 0.00000000 -1.00000000 0.00000000
922747 0.56000000 0.00000243 0.00000014 1.50732432 0.00088390 701442.57590000 312.75561809 0.00000000 0.00000000 -1.00000000 0.00000000
901775 0.57000000 0.00000242 0.00000013 1.49546739 0.00087787 689243.83780000 306.68069583 0.00000000 0.00000000 -1.00000000 0.00000000
880804 0.58000000 0.00000241 0.00000011 1.48369350 0.00087590 676869.87420000 301.96979344 0.00000000 0.00000000 -1.00000000 0.00000000
859832 0.59000000 0.00000240 0.00000011 1.47198190 0.00087438 664332.08120000 297.20316314 0.00000000 0.00000000 -1.00000000 0.00000000
838861 0.60000000 0.00000239 0.00000011 1.46029119 0.00086951 651660.77390000 291.48876642 0.00000000 0.00000000 -1.00000000 0.00000000
817889 0.61000000 0.00000238 0.00000012 1.44860367 0.00086795 638832.45770000 286.08898004 0.00000000 0.00000000 -1.00000000 0.00000000
796918 0.62000000 0.00000235 0.00000015 1.43689775 0.00086190 625835.47930000 279.99623848 0.00000000 0.00000000 -1.00000000 0.00000000
775946 0.63000000 0.00000231 0.00000019 1.42509267 0.00085662 612699.50780000 273.84955742 0.00000000 0.00000000 -1.00000000 0.00000000
754975 0.64000000 0.00000227 0.00000021 1.41295946 0.00085413 599513.87700000 268.27984210 0.00000000 0.00000000 -1.00000000 0.00000000
734003 0.65000000 0.00000223 0.00000023 1.40063482 0.00084835 586268.67790000 261.99523336 0.00000000 0.00000000 -1.00000000 0.00000000
713032 0.66000000 0.00000219 0.00000024 1.38858959 0.00084686 572807.14990000 256.84741441 0.00000000 0.00000000 -1.00000000 0.00000000
692060 0.67000000 0.00000216 0.00000024 1.37684463 0.00084419 559113.02870000 250.59373615 0.00000000 0.00000000 -1.00000000 0.00000000
671089 0.68000000 0.00000212 0.00000024 1.36520377 0.00084335 545231.29550000 244.70006946 0.00000000 0.00000000 -1.00000000 0.00000000
650117 0.69000000 0.00000209 0.00000023 1.35363415 0.00084341 531151.51160000 238.89215184 0.00000000 0.00000000 -1.00000000 0.00000000
629146 0.70000000 0.00000206 0.00000022 1.34205542 0.00084493 516884.40920000 233.05055548 0.00000000 0.00000000 -1.00000000 0.00000000
608174 0.71000000 0.00000203 0.00000021 1.33049156 0.00084754 502423.16370000 228.23961276 0.00000000 0.00000000 -1.00000000 0.00000000
587203 0.72000000 0.00000200 0.00000019 1.31891262 0.00085077 487771.99100000 222.77691953 0.00000000 0.00000000 -1.00000000 0.00000000
566231 0.73000000 0.00000198 0.00000017 1.30731673 0.00084818 472929.68250000 215.76361994 0.00000000 0.00000000 -1.00000000 0.00000000
545260 0.74000000 0.00000197 0.00000016 1.29568126 0.00085012 457898.23790000 209.79639548 0.00000000 0.00000000 -1.00000000 0.00000000
524288 0.75000000 0.00000195 0.00000014 1.28356802 0.00085194 442784.98860000 203.65471709 0.00000000 0.00000000 -1.00000000 0.00000000
503316 0.76000000 0.00000194 0.00000012 1.27106432 0.00084988 427553.54670000 196.28636033 0.00000000 0.00000000 -1.00000000 0.00000000
482345 0.77000000 0.00000193 0.00000011 1.25862289 0.00084995 412087.16700000 188.89189481 0.00000000 0.00000000 -1.00000000 0.00000000
461373 0.78000000 0.00000192 0.00000009 1.24622239 0.00085335 396387.89220000 182.44438159 0.00000000 0.00000000 -1.00000000 0.00000000
440402 0.79000000 0.00000192 0.00000008 1.23385177 0.00085513 380455.09130000 175.49825791 0.00000000 0.00000000 -1.00000000 0.00000000
419430 0.80000000 0.00000191 0.00000010 1.22145226 0.00085916 364298.06740000 168.76726725 0.00000000 0.00000000 -1.00000000 0.00000000
398459 0.81000000 0.00000188 0.00000013 1.20895988 0.00086405 347926.75270000 162.01316110 0.00000000 0.00000000 -1.00000000 0.00000000
377487 0.82000000 0.00000184 0.00000017 1.19620794 0.00086717 331366.99790000 154.44029162 0.00000000 0.00000000 -1.00000000 0.00000000
356516 0.83000000 0.00000180 0.00000021 1.18365440 0.00086978 314543.11470000 146.80074179 0.00000000 0.00000000 -1.00000000 0.00000000
335544 0.84000000 0.00000175 0.00000023 1.17144382 0.00087384 297421.55600000 138.86353003 0.00000000 0.00000000 -1.00000000 0.00000000
314573 0.85000000 0.00000169 0.00000024 1.15926009 0.00088020 280050.11720000 131.15368158 0.00000000 0.00000000 -1.00000000 0.00000000
293601 0.86000000 0.00000164 0.00000024 1.14698050 0.00087905 262443.69970000 122.21721165 0.00000000 0.00000000 -1.00000000 0.00000000
272630 0.87000000 0.00000158 0.00000022 1.13451582 0.00088275 244611.96750000 113.90959917 0.00000000 0.00000000 -1.00000000 0.00000000
251658 0.88000000 0.00000154 0.00000020 1.12232859 0.00089378 226494.17530000 106.28269648 0.00000000 0.00000000 -1.00000000 0.00000000
230687 0.89000000 0.00000151 0.00000017 1.11034675 0.00090446 208103.55910000 98.38831604 0.00000000 0.00000000 -1.00000000 0.00000000
209715 0.90000000 0.00000148 0.00000015 1.09835095 0.00090864 189468.21460000 89.58460407 0.00000000 0.00000000 -1.00000000 0.00000000
188744 0.91000000 0.00000146 0.00000012 1.08646325 0.00090786 170574.57280000 80.14386567 0.00000000 0.00000000 -1.00000000 0.00000000
167772 0.92000000 0.00000145 0.00000009 1.07540934 0.00091140 151370.45820000 71.08317195 0.00000000 0.00000000 -1.00000000 0.00000000
146801 0.93000000 0.00000144 0.00000006 1.06439172 0.00091375 131933.26930000 61.88733943 0.00000000 0.00000000 -1.00000000 0.00000000
125829 0.94000000 0.00000143 0.00000006 1.05450597 0.00091560 112203.21170000 52.52976319 0.00000000 0.00000000 -1.00000000 0.00000000
104858 0.95000000 0.00000140 0.00000012 1.04522938 0.00093461 92237.81950000 43.96641018 0.00000000 0.00000000 -1.00000000 0.00000000
83886 0.96000000 0.00000127 0.00000023 1.03558871 0.00094864 72093.69750000 34.77642209 0.00000000 0.00000000 -1.00000000 0.00000000
62915 0.97000000 0.00000109 0.00000022 1.02606813 0.00096455 51744.43540000 25.29155577 0.00000000 0.00000000 -1.00000000 0.00000000
41943 0.98000000 0.00000098 0.00000011 1.01590739 0.00098967 31206.75620000 15.57080623 0.00000000 0.00000000 -1.00000000 0.00000000
20972 0.99000000 0.00000095 0.00000002 1.00532673 0.00102804 10457.07570000 5.38968221 0.00000000 0.00000000 -1.00000000 0.00000000
0 1.00000000 0.00000000 0.00000000 0.00000000 0.00000000 0.00000000 0.00000000 0.00000000 0.00000000 -1.00000000 0.00000000
