# Node Removal Percolation Results (Averaged)
# N=8192 Strategy=ci
# M_graphs=10000 M_realizations=1 Total_runs=10000
# Columns:
#(1) nodes_remaining (2) frac_removed
#(3) gc_mean (4) gc_std
#(5) small_mean (6) small_std
#(7) comp_mean (8) comp_std
#(9) cycles_mean (10) cycles_std
#(11) lambda1_mean (12) lambda1_std
8192 0.00000000 0.97459613 0.00156648 1.08879320 0.03944119 162.21190000 12.02444415 7969.38510000 14.16658276 -1.00000000 0.00000000
8110 0.01000000 0.96307056 0.00162704 1.09603899 0.04021351 173.57380000 12.42186716 7316.13690000 17.74484845 -1.00000000 0.00000000
8028 0.02000000 0.95146123 0.00168622 1.10379965 0.04101863 185.48790000 12.82847265 6730.22150000 20.43650173 -1.00000000 0.00000000
7946 0.03000000 0.93972899 0.00175121 1.11219986 0.04198938 198.21700000 13.24001665 6189.50670000 22.96665195 -1.00000000 0.00000000
7864 0.04000000 0.92790808 0.00181903 1.12128567 0.04333742 211.49870000 13.64311591 5682.94000000 24.67604690 -1.00000000 0.00000000
7782 0.05000000 0.91585731 0.00188269 1.13165724 0.04432893 226.34980000 14.03869468 5203.68220000 26.05938050 -1.00000000 0.00000000
7700 0.06000000 0.90365745 0.00196547 1.14321684 0.04550142 242.11700000 14.55100973 4753.24210000 27.47254560 -1.00000000 0.00000000
7619 0.07000000 0.89137844 0.00204818 1.15536467 0.04710448 258.29940000 15.05783628 4326.30710000 28.44112303 -1.00000000 0.00000000
7537 0.08000000 0.87891331 0.00210924 1.16944724 0.04929887 275.57910000 15.39466930 3918.08010000 29.00372744 -1.00000000 0.00000000
7455 0.09000000 0.86598347 0.00220446 1.18624424 0.05107358 295.89220000 15.93241863 3528.43210000 29.59026441 -1.00000000 0.00000000
7373 0.10000000 0.85272509 0.00232415 1.20606050 0.05450770 318.13030000 16.56554749 3160.57640000 30.06293633 -1.00000000 0.00000000
7291 0.11000000 0.83946584 0.00244183 1.22677700 0.05717107 339.98000000 17.22400844 2814.42360000 30.38799609 -1.00000000 0.00000000
7209 0.12000000 0.82617721 0.00254205 1.25109399 0.06149171 362.35910000 17.69359923 2487.81880000 30.54586832 -1.00000000 0.00000000
7127 0.13000000 0.81217512 0.00265794 1.28199723 0.06719058 388.01540000 18.23509294 2170.39880000 30.52145007 -1.00000000 0.00000000
7045 0.14000000 0.79725066 0.00280007 1.32544340 0.07562651 418.50770000 18.78608082 1868.57440000 30.12820996 -1.00000000 0.00000000
6963 0.15000000 0.78158315 0.00299398 1.38078313 0.08708533 452.31640000 19.38680675 1586.44590000 29.73969936 -1.00000000 0.00000000
6881 0.16000000 0.76519720 0.00323747 1.45211850 0.10250208 488.65710000 20.20600277 1323.94200000 29.29501418 -1.00000000 0.00000000
6799 0.17000000 0.74809679 0.00356066 1.54976851 0.12853740 526.36510000 21.12166221 1077.96500000 28.58899278 -1.00000000 0.00000000
6717 0.18000000 0.73004479 0.00396297 1.70138122 0.17466563 564.78310000 21.84064000 847.34650000 27.83598250 -1.00000000 0.00000000
6636 0.19000000 0.70882733 0.00458651 1.98010765 0.25559009 611.17150000 22.65938729 632.10130000 26.44464729 -1.00000000 0.00000000
6554 0.20000000 0.68168607 0.00573328 2.51401746 0.40972931 670.28860000 23.56756358 436.83260000 24.52755873 -1.00000000 0.00000000
6472 0.21000000 0.64386718 0.00814861 3.62480899 0.73236119 744.37480000 24.90620318 268.74880000 21.41811785 -1.00000000 0.00000000
6390 0.22000000 0.58356918 0.01377454 6.21867432 1.62267709 837.12890000 26.81214601 132.96050000 17.80635972 -1.00000000 0.00000000
6308 0.23000000 0.46442587 0.03067715 14.56746948 6.93846323 953.78290000 29.07384213 39.67150000 11.58746800 -1.00000000 0.00000000
6226 0.24000000 0.15806672 0.07491558 60.86965949 34.43733995 1120.47820000 32.58886509 4.29940000 2.76946324 -1.00000000 0.00000000
6144 0.25000000 0.02400892 0.01041926 25.39179157 4.38838425 1298.94960000 35.10369620 1.62280000 1.26597015 -1.00000000 0.00000000
6062 0.26000000 0.00917468 0.00258117 12.99558748 1.10499421 1473.23320000 35.02890407 1.21500000 1.09840596 -1.00000000 0.00000000
5980 0.27000000 0.00534469 0.00117275 8.84872240 0.50420656 1653.61970000 33.25365322 0.99220000 0.99450393 -1.00000000 0.00000000
5898 0.28000000 0.00364453 0.00067449 6.78048863 0.27449043 1812.29380000 34.18760244 0.86020000 0.92959259 -1.00000000 0.00000000
5816 0.29000000 0.00261687 0.00040717 5.46786903 0.16499199 1957.58150000 30.08364772 0.77240000 0.87924715 -1.00000000 0.00000000
5734 0.30000000 0.00203632 0.00030456 4.65696420 0.12496358 2084.11120000 32.42680657 0.71080000 0.84216049 -1.00000000 0.00000000
5652 0.31000000 0.00156179 0.00021445 4.04997873 0.08535694 2202.38260000 29.61656177 0.66600000 0.81542044 -1.00000000 0.00000000
5571 0.32000000 0.00117788 0.00016043 3.63783465 0.05960081 2301.51710000 30.78368190 0.62370000 0.78712151 -1.00000000 0.00000000
5489 0.33000000 0.00100807 0.00009287 3.33308548 0.05524053 2406.51150000 31.22489979 0.58080000 0.75863622 -1.00000000 0.00000000
5407 0.34000000 0.00089337 0.00006604 3.06456983 0.04342630 2510.72280000 29.79467289 0.54870000 0.73653415 -1.00000000 0.00000000
5325 0.35000000 0.00088082 0.00006574 2.87402279 0.03885303 2593.92040000 28.92209731 0.52240000 0.72024309 -1.00000000 0.00000000
5243 0.36000000 0.00086566 0.00007090 2.69977080 0.03449889 2674.38850000 27.80481395 0.50030000 0.70629300 -1.00000000 0.00000000
5161 0.37000000 0.00085663 0.00007267 2.64433140 0.03030961 2670.70790000 26.47238290 0.49030000 0.69911000 -1.00000000 0.00000000
5079 0.38000000 0.00084944 0.00007334 2.62411914 0.03030422 2639.53840000 26.34525256 0.47980000 0.69082536 -1.00000000 0.00000000
4997 0.39000000 0.00084109 0.00007421 2.60491600 0.03023769 2607.04630000 26.15172934 0.47360000 0.68713191 -1.00000000 0.00000000
4915 0.40000000 0.00083290 0.00007464 2.58664962 0.03019466 2573.20990000 26.00766198 0.46560000 0.68048729 -1.00000000 0.00000000
4833 0.41000000 0.00082466 0.00007480 2.56802756 0.03009838 2539.55890000 25.81174452 0.45810000 0.67519625 -1.00000000 0.00000000
4751 0.42000000 0.00081620 0.00007410 2.54987736 0.03014233 2505.25860000 25.66257163 0.45010000 0.66884582 -1.00000000 0.00000000
4669 0.43000000 0.00080786 0.00007366 2.53335501 0.03008587 2468.88010000 25.38831977 0.44270000 0.66314454 -1.00000000 0.00000000
4588 0.44000000 0.00080000 0.00007254 2.51681246 0.03015044 2432.39180000 25.23891426 0.43670000 0.65699031 -1.00000000 0.00000000
4506 0.45000000 0.00079285 0.00007126 2.50016021 0.03016889 2395.75210000 25.05673222 0.43020000 0.65159068 -1.00000000 0.00000000
4424 0.46000000 0.00078499 0.00006936 2.48398123 0.03007530 2358.47170000 24.77856729 0.42350000 0.64683042 -1.00000000 0.00000000
4342 0.47000000 0.00077783 0.00006715 2.46914837 0.02991008 2319.47210000 24.47765792 0.41790000 0.64319590 -1.00000000 0.00000000
4260 0.48000000 0.00077120 0.00006494 2.45506733 0.02989188 2279.55750000 24.22393803 0.41220000 0.63963433 -1.00000000 0.00000000
4178 0.49000000 0.00076429 0.00006298 2.44371199 0.02980597 2236.42030000 23.93117043 0.40780000 0.63524760 -1.00000000 0.00000000
4096 0.50000000 0.00075804 0.00006102 2.42496200 0.02967502 2201.53020000 23.69245916 0.39880000 0.62976045 -1.00000000 0.00000000
4014 0.51000000 0.00075038 0.00006033 2.39872748 0.02957491 2173.39010000 23.53893647 0.38600000 0.61955015 -1.00000000 0.00000000
3932 0.52000000 0.00074216 0.00006031 2.37226259 0.02944947 2145.17650000 23.34050611 0.37330000 0.61039689 -1.00000000 0.00000000
3850 0.53000000 0.00073326 0.00006139 2.34771260 0.02921036 2114.65070000 23.03107754 0.36150000 0.60187538 -1.00000000 0.00000000
3768 0.54000000 0.00072379 0.00006319 2.32179443 0.02894296 2085.25550000 22.71635585 0.35000000 0.59290400 -1.00000000 0.00000000
3686 0.55000000 0.00071399 0.00006439 2.29781759 0.02873653 2053.34620000 22.37746234 0.33940000 0.58415902 -1.00000000 0.00000000
3604 0.56000000 0.00070341 0.00006680 2.27551339 0.02846631 2019.38460000 22.05293894 0.33020000 0.57723590 -1.00000000 0.00000000
3523 0.57000000 0.00069254 0.00006790 2.25056710 0.02825161 1987.87260000 21.76337138 0.31940000 0.56675900 -1.00000000 0.00000000
3441 0.58000000 0.00068147 0.00006808 2.22772521 0.02801136 1953.79610000 21.37142481 0.30890000 0.55831171 -1.00000000 0.00000000
3359 0.59000000 0.00067085 0.00006679 2.20530890 0.02772406 1918.79010000 21.00326536 0.30050000 0.55229544 -1.00000000 0.00000000
3277 0.60000000 0.00066084 0.00006454 2.17874604 0.02766072 1887.87550000 20.70843509 0.28950000 0.54066531 -1.00000000 0.00000000
3195 0.61000000 0.00065166 0.00006107 2.15095351 0.02743078 1857.49410000 20.29825527 0.27780000 0.52920239 -1.00000000 0.00000000
3113 0.62000000 0.00064313 0.00005695 2.12393457 0.02718577 1826.27950000 19.96659326 0.26810000 0.52120011 -1.00000000 0.00000000
3031 0.63000000 0.00063590 0.00005275 2.09264099 0.02691811 1798.26160000 19.65384422 0.25550000 0.50699650 -1.00000000 0.00000000
2949 0.64000000 0.00062981 0.00005015 2.06050618 0.02669882 1770.89200000 19.27338274 0.24370000 0.49531287 -1.00000000 0.00000000
2867 0.65000000 0.00062375 0.00004919 2.02831220 0.02647770 1743.22440000 18.92295042 0.22870000 0.47981177 -1.00000000 0.00000000
2785 0.66000000 0.00061766 0.00004966 1.99677732 0.02627890 1714.29110000 18.56278585 0.21500000 0.46518452 -1.00000000 0.00000000
2703 0.67000000 0.00061006 0.00005179 1.96603477 0.02598164 1683.88460000 18.12479886 0.20160000 0.45075244 -1.00000000 0.00000000
2621 0.68000000 0.00060140 0.00005526 1.93701144 0.02564302 1651.05120000 17.67980306 0.19060000 0.43896573 -1.00000000 0.00000000
2540 0.69000000 0.00059203 0.00005821 1.90924193 0.02543794 1616.22980000 17.33099040 0.18040000 0.42810532 -1.00000000 0.00000000
2458 0.70000000 0.00058169 0.00006131 1.88208172 0.02525425 1580.18760000 17.01585026 0.16850000 0.41439706 -1.00000000 0.00000000
2376 0.71000000 0.00056984 0.00006387 1.85591361 0.02515794 1542.57280000 16.68909682 0.15720000 0.39862771 -1.00000000 0.00000000
2294 0.72000000 0.00055791 0.00006497 1.83157709 0.02495620 1502.46170000 16.30632156 0.14750000 0.38646951 -1.00000000 0.00000000
2212 0.73000000 0.00054589 0.00006441 1.80815293 0.02484721 1460.85140000 15.93450686 0.13950000 0.37503842 -1.00000000 0.00000000
2130 0.74000000 0.00053440 0.00006170 1.78663172 0.02462722 1416.97100000 15.47902836 0.13130000 0.36534047 -1.00000000 0.00000000
2048 0.75000000 0.00052388 0.00005728 1.75981896 0.02454289 1377.18010000 15.09690881 0.12180000 0.34925200 -1.00000000 0.00000000
1966 0.76000000 0.00051564 0.00005246 1.72525633 0.02441629 1341.99820000 14.75373729 0.11100000 0.33390141 -1.00000000 0.00000000
1884 0.77000000 0.00050819 0.00004628 1.69154832 0.02437780 1304.85670000 14.41125024 0.10000000 0.31655966 -1.00000000 0.00000000
1802 0.78000000 0.00050238 0.00004128 1.66021465 0.02432876 1264.59440000 14.06950190 0.08910000 0.29794306 -1.00000000 0.00000000
1720 0.79000000 0.00049661 0.00003665 1.62918705 0.02392529 1222.90610000 13.53959434 0.07930000 0.28074792 -1.00000000 0.00000000
1638 0.80000000 0.00049076 0.00003598 1.59842956 0.02387807 1179.74760000 13.10290284 0.07010000 0.26418359 -1.00000000 0.00000000
1556 0.81000000 0.00048334 0.00004035 1.56727041 0.02373774 1135.62540000 12.66842231 0.06080000 0.24557970 -1.00000000 0.00000000
1475 0.82000000 0.00047312 0.00004846 1.53551165 0.02354895 1090.77960000 12.23657620 0.05170000 0.22501594 -1.00000000 0.00000000
1393 0.83000000 0.00046090 0.00005567 1.50396871 0.02349414 1044.47400000 11.89272331 0.04210000 0.20280952 -1.00000000 0.00000000
1311 0.84000000 0.00044608 0.00006082 1.47531752 0.02339587 994.91770000 11.40962509 0.03480000 0.18382693 -1.00000000 0.00000000
1229 0.85000000 0.00043109 0.00006270 1.44861472 0.02334822 942.85700000 10.89797355 0.02980000 0.17063080 -1.00000000 0.00000000
1147 0.86000000 0.00041584 0.00006100 1.42521474 0.02347957 887.63780000 10.41376281 0.02420000 0.15432674 -1.00000000 0.00000000
1065 0.87000000 0.00040260 0.00005648 1.40529089 0.02391055 830.18710000 9.98845686 0.01990000 0.14037792 -1.00000000 0.00000000
983 0.88000000 0.00039048 0.00004915 1.36780859 0.02395091 778.64440000 9.39456090 0.01460000 0.12078203 -1.00000000 0.00000000
901 0.89000000 0.00038102 0.00004004 1.33239655 0.02400898 723.93570000 8.77548098 0.01080000 0.10336551 -1.00000000 0.00000000
819 0.90000000 0.00037433 0.00003157 1.29831372 0.02417654 666.41010000 8.16546297 0.00760000 0.08685041 -1.00000000 0.00000000
737 0.91000000 0.00036919 0.00002675 1.26528737 0.02442389 606.27010000 7.52321779 0.00520000 0.07192689 -1.00000000 0.00000000
655 0.92000000 0.00036271 0.00003176 1.23538378 0.02478589 543.01140000 6.89064715 0.00330000 0.05735363 -1.00000000 0.00000000
573 0.93000000 0.00034982 0.00004490 1.21201607 0.02513327 476.01780000 6.23315076 0.00190000 0.04354974 -1.00000000 0.00000000
492 0.94000000 0.00032745 0.00005763 1.17788569 0.02532636 409.91110000 5.48434176 0.00140000 0.03739224 -1.00000000 0.00000000
410 0.95000000 0.00029939 0.00006096 1.14112077 0.02505637 341.83430000 4.57595208 0.00060000 0.02448877 -1.00000000 0.00000000
328 0.96000000 0.00027360 0.00005235 1.11019097 0.02572245 270.10830000 3.69717974 0.00010000 0.01000000 -1.00000000 0.00000000
246 0.97000000 0.00025577 0.00003589 1.07575449 0.02660560 196.22460000 2.73377069 0.00000000 0.00000000 -1.00000000 0.00000000
164 0.98000000 0.00024305 0.00002719 1.03821854 0.02715806 119.69750000 1.70636600 0.00000000 0.00000000 -1.00000000 0.00000000
82 0.99000000 0.00015856 0.00005599 1.00263603 0.01266253 40.64970000 0.58619474 0.00000000 0.00000000 -1.00000000 0.00000000
0 1.00000000 0.00000000 0.00000000 0.00000000 0.00000000 0.00000000 0.00000000 0.00000000 0.00000000 -1.00000000 0.00000000
