# Node Removal Percolation Results (Averaged)
# N=16384 Strategy=ci
# M_graphs=10000 M_realizations=1 Total_runs=10000
# Columns:
#(1) nodes_remaining (2) frac_removed
#(3) gc_mean (4) gc_std
#(5) small_mean (6) small_std
#(7) comp_mean (8) comp_std
#(9) cycles_mean (10) cycles_std
#(11) lambda1_mean (12) lambda1_std
16384 0.00000000 0.97406225 0.00111458 1.09134351 0.02792723 330.52140000 17.14189973 15923.88490000 19.81810101 -1.00000000 0.00000000
16220 0.01000000 0.96178286 0.00117588 1.10243651 0.02871186 364.38890000 17.94017954 14631.87040000 24.82551579 -1.00000000 0.00000000
16056 0.02000000 0.94942424 0.00123565 1.11414830 0.02958308 399.07990000 18.69925352 13481.01030000 32.93796419 -1.00000000 0.00000000
15892 0.03000000 0.93701565 0.00129809 1.12610094 0.03025256 434.17880000 19.48063089 12457.85620000 33.80866197 -1.00000000 0.00000000
15729 0.04000000 0.92434938 0.00135638 1.13944724 0.03151048 472.63720000 20.19456754 11464.11630000 34.69385451 -1.00000000 0.00000000
15565 0.05000000 0.91153765 0.00143005 1.15413648 0.03257472 512.67670000 21.09120340 10554.38300000 44.56733261 -1.00000000 0.00000000
15401 0.06000000 0.89876835 0.00149302 1.16937067 0.03364757 552.43090000 21.80777346 9759.92770000 44.89219090 -1.00000000 0.00000000
15237 0.07000000 0.88563398 0.00156174 1.18670493 0.03519323 595.88460000 22.56912536 8984.16180000 45.25314581 -1.00000000 0.00000000
15073 0.08000000 0.87217934 0.00163050 1.20658427 0.03651214 642.99740000 23.33554473 8232.00040000 45.48047765 -1.00000000 0.00000000
14909 0.09000000 0.85835186 0.00170024 1.22919028 0.03883401 694.37320000 24.07074701 7504.65780000 45.68939101 -1.00000000 0.00000000
14746 0.10000000 0.84410095 0.00179055 1.25522244 0.04125714 750.30830000 24.95430870 6801.65950000 46.18129958 -1.00000000 0.00000000
14582 0.11000000 0.82966490 0.00191618 1.28332010 0.04381407 807.49510000 26.24753073 6175.32390000 53.30511732 -1.00000000 0.00000000
14418 0.12000000 0.81528561 0.00201548 1.31201356 0.04603985 863.59040000 27.18413371 5640.02780000 52.94712614 -1.00000000 0.00000000
14254 0.13000000 0.80035583 0.00211136 1.34501086 0.04860279 924.50000000 27.95132426 5120.74630000 52.49143998 -1.00000000 0.00000000
14090 0.14000000 0.78487789 0.00222289 1.38316181 0.05191770 990.51590000 28.81494017 4621.22470000 52.03109583 -1.00000000 0.00000000
13926 0.15000000 0.76881358 0.00234330 1.42648075 0.05565223 1061.73650000 29.63896953 4141.98680000 51.20220886 -1.00000000 0.00000000
13763 0.16000000 0.75205011 0.00246647 1.47723183 0.06095001 1138.89420000 30.35363472 3683.38340000 50.68025112 -1.00000000 0.00000000
13599 0.17000000 0.73444364 0.00262811 1.53663899 0.06705893 1222.77850000 31.34670795 3246.19230000 49.76759188 -1.00000000 0.00000000
13435 0.18000000 0.71588726 0.00280749 1.60658683 0.07397645 1313.72250000 32.20861427 2830.81060000 48.98803232 -1.00000000 0.00000000
13271 0.19000000 0.69629888 0.00301860 1.69011202 0.08272493 1412.20720000 33.19640144 2440.84320000 47.87840064 -1.00000000 0.00000000
13107 0.20000000 0.67520696 0.00328178 1.79193691 0.09317238 1520.16200000 34.24364202 2071.79680000 46.25883805 -1.00000000 0.00000000
12943 0.21000000 0.65269569 0.00362474 1.91402542 0.10734694 1636.02700000 36.20367856 1734.77990000 45.04689088 -1.00000000 0.00000000
12780 0.22000000 0.63099722 0.00397304 2.02841062 0.12118166 1740.88800000 38.03635540 1485.21980000 44.64789392 -1.00000000 0.00000000
12616 0.23000000 0.60821416 0.00431011 2.15808771 0.13674897 1850.86970000 39.04210997 1259.22970000 42.78825799 -1.00000000 0.00000000
12452 0.24000000 0.58386057 0.00470763 2.31401575 0.15740793 1968.17420000 40.18795792 1050.83280000 40.53113521 -1.00000000 0.00000000
12288 0.25000000 0.55792395 0.00516529 2.49785688 0.18480433 2092.62380000 41.50804218 861.53630000 38.21482068 -1.00000000 0.00000000
12124 0.26000000 0.52978223 0.00571287 2.72199593 0.21837018 2226.12840000 42.87299293 689.66170000 35.63299067 -1.00000000 0.00000000
11960 0.27000000 0.49914573 0.00639735 3.00372394 0.26616294 2368.40110000 44.33993259 536.55970000 32.81768328 -1.00000000 0.00000000
11796 0.28000000 0.46557455 0.00725848 3.36302465 0.33844924 2519.71630000 45.65841744 402.84290000 29.90551544 -1.00000000 0.00000000
11633 0.29000000 0.42849307 0.00837935 3.83283973 0.44542181 2680.38020000 47.28635372 288.92590000 26.50251398 -1.00000000 0.00000000
11469 0.30000000 0.38710546 0.00991501 4.47331327 0.60856180 2850.68240000 48.94864377 194.68950000 22.70049385 -1.00000000 0.00000000
11305 0.31000000 0.34074556 0.01211613 5.41301360 0.97409101 3029.68790000 50.71663348 120.80830000 18.71574682 -1.00000000 0.00000000
11141 0.32000000 0.28714202 0.01522256 6.94999534 1.71568689 3218.59560000 52.39905368 65.96940000 14.46184560 -1.00000000 0.00000000
10977 0.33000000 0.22465566 0.02072383 9.92014858 4.56872088 3415.64240000 53.93500181 29.58130000 10.03258968 -1.00000000 0.00000000
10813 0.34000000 0.14630035 0.03359751 19.81668564 17.93293086 3619.54700000 55.40552832 9.91640000 5.46131794 -1.00000000 0.00000000
10650 0.35000000 0.06587412 0.03097724 27.69190946 14.19733089 3825.75870000 56.17276753 2.84960000 2.20228628 -1.00000000 0.00000000
10486 0.36000000 0.02589786 0.01390895 19.83483552 5.39626460 4026.93680000 55.83282669 1.15110000 1.11856779 -1.00000000 0.00000000
10322 0.37000000 0.01385343 0.00654060 13.52561308 2.42159498 4190.72180000 55.96774467 0.70450000 0.84690701 -1.00000000 0.00000000
10158 0.38000000 0.00970808 0.00412076 10.60402245 1.48380408 4305.41300000 55.32480017 0.54450000 0.74247887 -1.00000000 0.00000000
9994 0.39000000 0.00727839 0.00284423 8.61342829 0.96875422 4413.32100000 54.39453314 0.43080000 0.65669969 -1.00000000 0.00000000
9830 0.40000000 0.00564569 0.00202790 7.20618052 0.66293689 4514.71100000 53.65865265 0.34940000 0.59106224 -1.00000000 0.00000000
9667 0.41000000 0.00454032 0.00152637 6.17102249 0.48123455 4609.31830000 52.77657361 0.28170000 0.52893581 -1.00000000 0.00000000
9503 0.42000000 0.00371916 0.00116239 5.37845284 0.35819402 4697.88240000 51.78118480 0.23040000 0.47763862 -1.00000000 0.00000000
9339 0.43000000 0.00311318 0.00092345 4.75517477 0.27516828 4779.79870000 50.87744913 0.18780000 0.43052258 -1.00000000 0.00000000
9175 0.44000000 0.00265137 0.00074570 4.25772822 0.21653125 4854.48900000 50.07307870 0.15700000 0.39694679 -1.00000000 0.00000000
9011 0.45000000 0.00227928 0.00061066 3.84602424 0.17419078 4923.28980000 49.29634093 0.13070000 0.36225769 -1.00000000 0.00000000
8847 0.46000000 0.00198100 0.00050788 3.50334675 0.14148007 4985.41030000 48.35928676 0.10840000 0.33054556 -1.00000000 0.00000000
8684 0.47000000 0.00173337 0.00042372 3.21480865 0.11693551 5041.07910000 47.17682067 0.09100000 0.30352630 -1.00000000 0.00000000
8520 0.48000000 0.00152963 0.00035734 2.96835564 0.09782075 5090.04880000 46.38104504 0.07530000 0.27611145 -1.00000000 0.00000000
8356 0.49000000 0.00136198 0.00030867 2.75547351 0.08270223 5132.25440000 45.31345729 0.06220000 0.25047442 -1.00000000 0.00000000
8192 0.50000000 0.00121840 0.00026711 2.57070174 0.07122819 5167.92240000 44.44664812 0.05080000 0.22721030 -1.00000000 0.00000000
8028 0.51000000 0.00108984 0.00022876 2.40786130 0.06105557 5197.26790000 43.31449346 0.04130000 0.20346609 -1.00000000 0.00000000
7864 0.52000000 0.00098145 0.00020100 2.26383865 0.05280871 5219.91290000 42.23845076 0.03420000 0.18610165 -1.00000000 0.00000000
7700 0.53000000 0.00088372 0.00017321 2.13548232 0.04607241 5236.08710000 41.23276522 0.02690000 0.16364311 -1.00000000 0.00000000
7537 0.54000000 0.00079858 0.00015034 2.02083928 0.04051956 5245.80470000 40.15600090 0.02080000 0.14342042 -1.00000000 0.00000000
7373 0.55000000 0.00072378 0.00013216 1.91827247 0.03605618 5248.58070000 39.20671376 0.01600000 0.12627587 -1.00000000 0.00000000
7209 0.56000000 0.00065637 0.00011649 1.82732912 0.03158758 5243.73210000 37.51917774 0.01340000 0.11585242 -1.00000000 0.00000000
7045 0.57000000 0.00061938 0.00010772 1.76941806 0.02867404 5203.52830000 35.72826962 0.01130000 0.10664637 -1.00000000 0.00000000
6881 0.58000000 0.00059125 0.00010160 1.72112485 0.02715748 5151.73650000 34.83710709 0.01030000 0.10195563 -1.00000000 0.00000000
6717 0.59000000 0.00056540 0.00009777 1.67505016 0.02577415 5096.22980000 34.02418488 0.00860000 0.09234118 -1.00000000 0.00000000
6554 0.60000000 0.00053992 0.00009258 1.63108867 0.02440575 5037.13370000 33.12500794 0.00670000 0.08158294 -1.00000000 0.00000000
6390 0.61000000 0.00051542 0.00008799 1.58904975 0.02312661 4974.27540000 32.19755927 0.00570000 0.07528663 -1.00000000 0.00000000
6226 0.62000000 0.00049158 0.00008416 1.54915727 0.02193100 4908.17200000 31.30691023 0.00530000 0.07261155 -1.00000000 0.00000000
6062 0.63000000 0.00046857 0.00007913 1.51084284 0.02073836 4837.92910000 30.34691363 0.00430000 0.06543652 -1.00000000 0.00000000
5898 0.64000000 0.00044714 0.00007540 1.47421269 0.01960835 4763.98290000 29.26159995 0.00350000 0.05906013 -1.00000000 0.00000000
5734 0.65000000 0.00042568 0.00007096 1.43912972 0.01855237 4686.38490000 28.28458863 0.00300000 0.05469277 -1.00000000 0.00000000
5571 0.66000000 0.00040537 0.00006691 1.40551056 0.01757050 4605.08210000 27.18422443 0.00260000 0.05092641 -1.00000000 0.00000000
5407 0.67000000 0.00038574 0.00006360 1.37354885 0.01655288 4519.99410000 25.99490409 0.00220000 0.04685488 -1.00000000 0.00000000
5243 0.68000000 0.00036703 0.00005934 1.34288534 0.01571135 4431.27130000 24.94559529 0.00190000 0.04354974 -1.00000000 0.00000000
5079 0.69000000 0.00034868 0.00005553 1.31369233 0.01490202 4339.43050000 23.90469647 0.00150000 0.03870271 -1.00000000 0.00000000
4915 0.70000000 0.00033066 0.00005228 1.28572501 0.01411011 4243.16220000 22.83722499 0.00130000 0.03603387 -1.00000000 0.00000000
4751 0.71000000 0.00031354 0.00004966 1.25893593 0.01329846 4143.32680000 21.67352246 0.00110000 0.03314966 -1.00000000 0.00000000
4588 0.72000000 0.00029592 0.00004684 1.23337717 0.01253277 4039.89670000 20.56030889 0.00060000 0.02448877 -1.00000000 0.00000000
4424 0.73000000 0.00027912 0.00004269 1.20898488 0.01179476 3932.74830000 19.41090481 0.00050000 0.02235621 -1.00000000 0.00000000
4260 0.74000000 0.00026342 0.00003891 1.18570720 0.01103505 3821.96860000 18.12958031 0.00050000 0.02235621 -1.00000000 0.00000000
4096 0.75000000 0.00024677 0.00003634 1.16385151 0.01038880 3708.03970000 17.02728742 0.00020000 0.01414143 -1.00000000 0.00000000
3932 0.76000000 0.00023259 0.00003629 1.14598553 0.00938523 3585.16880000 15.30700941 0.00010000 0.01000000 -1.00000000 0.00000000
3768 0.77000000 0.00022540 0.00003651 1.13504096 0.00917405 3450.03450000 14.56709064 0.00010000 0.01000000 -1.00000000 0.00000000
3604 0.78000000 0.00021813 0.00003601 1.12438602 0.00895207 3313.13010000 13.76154468 0.00010000 0.01000000 -1.00000000 0.00000000
3441 0.79000000 0.00021110 0.00003445 1.11389580 0.00877287 3174.57450000 13.01292371 0.00010000 0.01000000 -1.00000000 0.00000000
3277 0.80000000 0.00020439 0.00003193 1.10362070 0.00848753 3034.31190000 12.12630707 0.00000000 0.00000000 -1.00000000 0.00000000
3113 0.81000000 0.00019892 0.00002904 1.09358797 0.00826110 2893.27440000 11.33527033 0.00000000 0.00000000 -1.00000000 0.00000000
2949 0.82000000 0.00019370 0.00002573 1.08359508 0.00799304 2749.84800000 10.48538461 0.00000000 0.00000000 -1.00000000 0.00000000
2785 0.83000000 0.00018889 0.00002398 1.07387561 0.00768840 2604.68930000 9.63900703 0.00000000 0.00000000 -1.00000000 0.00000000
2621 0.84000000 0.00018293 0.00002460 1.06434264 0.00734253 2457.96110000 8.80122338 0.00000000 0.00000000 -1.00000000 0.00000000
2458 0.85000000 0.00017515 0.00002790 1.05511604 0.00701654 2309.60610000 8.02489767 0.00000000 0.00000000 -1.00000000 0.00000000
2294 0.86000000 0.00016469 0.00003144 1.04630078 0.00659166 2159.57270000 7.16044984 0.00000000 0.00000000 -1.00000000 0.00000000
2130 0.87000000 0.00015222 0.00003208 1.03800335 0.00619288 2008.78240000 6.33329782 0.00000000 0.00000000 -1.00000000 0.00000000
1966 0.88000000 0.00013985 0.00002831 1.03006078 0.00573028 1855.46000000 5.42679878 0.00000000 0.00000000 -1.00000000 0.00000000
1802 0.89000000 0.00012986 0.00002053 1.02263296 0.00524769 1700.42930000 4.54590673 0.00000000 0.00000000 -1.00000000 0.00000000
1638 0.90000000 0.00012350 0.00000925 1.01567165 0.00466726 1543.79240000 3.64047079 0.00000000 0.00000000 -1.00000000 0.00000000
1475 0.91000000 0.00012206 0.00000061 1.01166441 0.00426709 1383.88750000 2.96805065 0.00000000 0.00000000 -1.00000000 0.00000000
1311 0.92000000 0.00012196 0.00000259 1.00908786 0.00410944 1222.42640000 2.52547438 0.00000000 0.00000000 -1.00000000 0.00000000
1147 0.93000000 0.00012147 0.00000604 1.00652248 0.00388928 1060.54320000 2.08604145 0.00000000 0.00000000 -1.00000000 0.00000000
983 0.94000000 0.00011841 0.00001450 1.00405222 0.00347846 899.23650000 1.65089076 0.00000000 0.00000000 -1.00000000 0.00000000
819 0.95000000 0.00010790 0.00002577 1.00188234 0.00263175 736.53950000 1.19915952 0.00000000 0.00000000 -1.00000000 0.00000000
655 0.96000000 0.00008796 0.00003031 1.00048042 0.00145153 573.42150000 0.75663399 0.00000000 0.00000000 -1.00000000 0.00000000
492 0.97000000 0.00006652 0.00001745 1.00002255 0.00036615 409.90560000 0.30935127 0.00000000 0.00000000 -1.00000000 0.00000000
328 0.98000000 0.00006104 0.00000000 1.00000000 0.00000000 246.00000000 0.00000000 0.00000000 0.00000000 -1.00000000 0.00000000
164 0.99000000 0.00006104 0.00000000 1.00000000 0.00000000 82.00000000 0.00000000 0.00000000 0.00000000 -1.00000000 0.00000000
0 1.00000000 0.00000000 0.00000000 0.00000000 0.00000000 0.00000000 0.00000000 0.00000000 0.00000000 -1.00000000 0.00000000
