# Node Removal Percolation Results (Averaged)
# N=1048576 Strategy=ci
# M_graphs=10000 M_realizations=1 Total_runs=10000
# Columns:
#(1) nodes_remaining (2) frac_removed
#(3) gc_mean (4) gc_std
#(5) small_mean (6) small_std
#(7) comp_mean (8) comp_std
#(9) cycles_mean (10) cycles_std
#(11) lambda1_mean (12) lambda1_std
1048576 0.00000000 0.97441821 0.00013817 1.08978069 0.00351648 20694.58950000 135.66506879 1018881.37660000 159.61194808 -1.00000000 0.00000000
1038090 0.01000000 0.96290347 0.00014457 1.09705170 0.00358551 22147.28580000 141.15499351 935472.67320000 204.48255699 -1.00000000 0.00000000
1027604 0.02000000 0.95130497 0.00014917 1.10478022 0.00367889 23670.47120000 144.90108558 860599.78850000 230.74636196 -1.00000000 0.00000000
1017119 0.03000000 0.93958268 0.00015488 1.11323593 0.00373475 25299.79070000 149.84429193 791533.03870000 259.20460934 -1.00000000 0.00000000
1006633 0.04000000 0.92775633 0.00015780 1.12236223 0.00382284 27015.21150000 151.69015116 726737.13050000 275.63319146 -1.00000000 0.00000000
996147 0.05000000 0.91572393 0.00016842 1.13279405 0.00394058 28906.41090000 160.63239318 665458.15520000 295.18773364 -1.00000000 0.00000000
985661 0.06000000 0.90357559 0.00017320 1.14407803 0.00403316 30886.53330000 163.94046706 607960.61290000 311.51235168 -1.00000000 0.00000000
975176 0.07000000 0.89128422 0.00018210 1.15640184 0.00415790 32977.56520000 171.12575771 553306.38640000 322.81374997 -1.00000000 0.00000000
964690 0.08000000 0.87881349 0.00019154 1.17028008 0.00435563 35206.40520000 178.45868475 501093.74390000 329.71004714 -1.00000000 0.00000000
954204 0.09000000 0.86591212 0.00019721 1.18735453 0.00455848 37786.52260000 182.54081353 451265.99180000 337.38383737 -1.00000000 0.00000000
943718 0.10000000 0.85256731 0.00020701 1.20787735 0.00481778 40714.53900000 189.08734088 404100.72730000 341.25839340 -1.00000000 0.00000000
933233 0.11000000 0.83936632 0.00021693 1.22865746 0.00512197 43467.82720000 195.13207064 359972.34230000 344.98859814 -1.00000000 0.00000000
922747 0.12000000 0.82587776 0.00022676 1.25302281 0.00551611 46411.30460000 200.96307281 317684.72430000 347.16166178 -1.00000000 0.00000000
912261 0.13000000 0.81194909 0.00023898 1.28364543 0.00599704 49639.50150000 207.70095562 277169.80320000 346.15087247 -1.00000000 0.00000000
901775 0.14000000 0.79693612 0.00025546 1.32693019 0.00681103 53632.69260000 216.96862041 238573.50730000 339.49788634 -1.00000000 0.00000000
891290 0.15000000 0.78139871 0.00027056 1.38202706 0.00781391 57860.77750000 223.50433466 202523.36280000 336.16597855 -1.00000000 0.00000000
880804 0.16000000 0.76503212 0.00028878 1.45342392 0.00913992 62510.00920000 230.26731991 169014.04510000 329.37006897 -1.00000000 0.00000000
870318 0.17000000 0.74783424 0.00032036 1.55283408 0.01141481 67421.79290000 246.87075511 137526.75530000 319.07353136 -1.00000000 0.00000000
859832 0.18000000 0.72953532 0.00035061 1.70528516 0.01526543 72531.40460000 252.64002295 108039.95680000 311.01439987 -1.00000000 0.00000000
849347 0.19000000 0.70875250 0.00040558 1.97877723 0.02292820 78190.57680000 257.51924534 80547.97490000 298.78000706 -1.00000000 0.00000000
838861 0.20000000 0.68162739 0.00050979 2.51785730 0.03697943 85757.15490000 269.56309898 55586.98650000 278.17130162 -1.00000000 0.00000000
828375 0.21000000 0.64418637 0.00072157 3.61927234 0.06602079 95156.27600000 285.74416809 34085.35140000 240.62081821 -1.00000000 0.00000000
817889 0.22000000 0.58399175 0.00122154 6.18013479 0.14366780 107220.86460000 309.60696910 16684.83390000 203.98252915 -1.00000000 0.00000000
807404 0.23000000 0.46793330 0.00260071 13.84629831 0.49241315 122151.73110000 335.72512824 4710.54740000 131.80001319 -1.00000000 0.00000000
796918 0.24000000 0.16833306 0.01032903 79.99727594 16.49731629 143287.74180000 361.77557061 96.93000000 22.21156535 -1.00000000 0.00000000
786432 0.25000000 0.00056819 0.00012993 31.61828444 0.83324445 166501.01410000 398.76008584 1.62050000 1.29176105 -1.00000000 0.00000000
775946 0.26000000 0.00014772 0.00002317 13.63437326 0.12557404 188516.58410000 372.76022044 1.22720000 1.13300862 -1.00000000 0.00000000
765460 0.27000000 0.00007653 0.00000998 9.07099405 0.05119327 211945.39530000 380.39587004 1.00230000 1.02088145 -1.00000000 0.00000000
754975 0.28000000 0.00004835 0.00000553 6.88361729 0.02594672 232245.27510000 385.96444665 0.87060000 0.95076077 -1.00000000 0.00000000
744489 0.29000000 0.00003209 0.00000314 5.51064694 0.01485732 250480.10820000 352.33580168 0.79050000 0.90071687 -1.00000000 0.00000000
734003 0.30000000 0.00002434 0.00000226 4.68511721 0.01138300 266989.75790000 365.40079428 0.72960000 0.86565511 -1.00000000 0.00000000
723517 0.31000000 0.00001813 0.00000159 4.06443124 0.00769358 282122.41550000 334.24531717 0.68510000 0.83881366 -1.00000000 0.00000000
713032 0.32000000 0.00001365 0.00000123 3.64435429 0.00525953 294821.34890000 348.63779944 0.64640000 0.81451420 -1.00000000 0.00000000
702546 0.33000000 0.00001062 0.00000085 3.33697724 0.00486334 308254.11530000 352.66917864 0.60420000 0.78524138 -1.00000000 0.00000000
692060 0.34000000 0.00000865 0.00000043 3.06440041 0.00353561 321729.05920000 327.80759521 0.56430000 0.76008110 -1.00000000 0.00000000
681574 0.35000000 0.00000859 0.00000047 2.87752126 0.00342738 332215.03310000 327.80868698 0.53820000 0.74134723 -1.00000000 0.00000000
671089 0.36000000 0.00000854 0.00000050 2.70114297 0.00320113 342701.01060000 327.80987511 0.51570000 0.72319141 -1.00000000 0.00000000
660603 0.37000000 0.00000847 0.00000052 2.64730624 0.00263786 342115.84550000 296.58103153 0.50470000 0.71653978 -1.00000000 0.00000000
650117 0.38000000 0.00000839 0.00000054 2.62847377 0.00263902 337922.96520000 295.23036274 0.49520000 0.71037133 -1.00000000 0.00000000
639631 0.39000000 0.00000831 0.00000055 2.61002970 0.00264105 333648.63010000 294.08315077 0.48790000 0.70633100 -1.00000000 0.00000000
629146 0.40000000 0.00000822 0.00000055 2.59182548 0.00264866 329314.58680000 292.75751700 0.47960000 0.69959473 -1.00000000 0.00000000
618660 0.41000000 0.00000814 0.00000054 2.57421083 0.00264896 324870.27260000 291.34679127 0.47200000 0.69430844 -1.00000000 0.00000000
608174 0.42000000 0.00000806 0.00000053 2.55689150 0.00264599 320360.56090000 289.76949413 0.46230000 0.68645891 -1.00000000 0.00000000
597688 0.43000000 0.00000799 0.00000051 2.53991774 0.00263682 315775.59010000 287.38549533 0.45480000 0.67941381 -1.00000000 0.00000000
587203 0.44000000 0.00000793 0.00000048 2.52345609 0.00263539 311093.89480000 284.96597848 0.44770000 0.67387693 -1.00000000 0.00000000
576717 0.45000000 0.00000787 0.00000045 2.50733177 0.00262276 306341.32550000 281.16186005 0.44010000 0.66622547 -1.00000000 0.00000000
566231 0.46000000 0.00000781 0.00000043 2.49152061 0.00261195 301522.75180000 277.50540954 0.43440000 0.66177068 -1.00000000 0.00000000
555745 0.47000000 0.00000775 0.00000041 2.47606446 0.00260413 296631.38730000 274.25848295 0.42890000 0.65710575 -1.00000000 0.00000000
545260 0.48000000 0.00000769 0.00000042 2.46095596 0.00260087 291668.77910000 271.46929930 0.42300000 0.65277378 -1.00000000 0.00000000
534774 0.49000000 0.00000762 0.00000044 2.44612936 0.00259765 286645.63140000 267.92653097 0.41660000 0.64736879 -1.00000000 0.00000000
524288 0.50000000 0.00000753 0.00000047 2.42661899 0.00259190 282205.17740000 265.40903135 0.40830000 0.64096193 -1.00000000 0.00000000
513802 0.51000000 0.00000743 0.00000050 2.40148494 0.00258639 278460.42770000 263.71013723 0.39610000 0.63249094 -1.00000000 0.00000000
503316 0.52000000 0.00000732 0.00000052 2.37645102 0.00257832 274657.31300000 261.46090073 0.38290000 0.62347932 -1.00000000 0.00000000
492831 0.53000000 0.00000721 0.00000053 2.35135571 0.00256238 270818.75970000 258.13953350 0.37080000 0.61281720 -1.00000000 0.00000000
482345 0.54000000 0.00000710 0.00000051 2.32645771 0.00253753 266911.89130000 254.32868456 0.35960000 0.60342709 -1.00000000 0.00000000
471859 0.55000000 0.00000701 0.00000048 2.30239655 0.00253083 262845.31570000 251.31613878 0.34960000 0.59583164 -1.00000000 0.00000000
461373 0.56000000 0.00000693 0.00000044 2.27829133 0.00252933 258744.47930000 249.60825147 0.33970000 0.58629198 -1.00000000 0.00000000
450888 0.57000000 0.00000686 0.00000040 2.25441901 0.00251216 254573.67360000 245.94383891 0.32940000 0.57855779 -1.00000000 0.00000000
440402 0.58000000 0.00000680 0.00000036 2.23221868 0.00248139 250124.88860000 240.85660668 0.31830000 0.56852215 -1.00000000 0.00000000
429916 0.59000000 0.00000674 0.00000035 2.20912715 0.00245451 245743.41770000 235.75918787 0.30900000 0.56031277 -1.00000000 0.00000000
419430 0.60000000 0.00000666 0.00000038 2.18299474 0.00243334 241714.40370000 232.27230478 0.29840000 0.54953402 -1.00000000 0.00000000
408945 0.61000000 0.00000655 0.00000043 2.15505486 0.00240158 237845.84370000 227.46421887 0.28550000 0.53592767 -1.00000000 0.00000000
398459 0.62000000 0.00000643 0.00000048 2.12607263 0.00238267 234029.56500000 223.85939667 0.27450000 0.52438273 -1.00000000 0.00000000
387973 0.63000000 0.00000630 0.00000050 2.09545479 0.00236575 230369.13110000 220.86009515 0.26360000 0.51316798 -1.00000000 0.00000000
377487 0.64000000 0.00000620 0.00000050 2.06369512 0.00235127 226829.85300000 217.66073787 0.24920000 0.49912350 -1.00000000 0.00000000
367002 0.65000000 0.00000610 0.00000049 2.03171875 0.00233339 223272.72350000 213.47218902 0.23580000 0.48623246 -1.00000000 0.00000000
356516 0.66000000 0.00000602 0.00000046 2.00067062 0.00230726 219521.87200000 208.59242483 0.22090000 0.47151397 -1.00000000 0.00000000
346030 0.67000000 0.00000595 0.00000042 1.97064684 0.00227636 215550.26920000 203.76963252 0.20780000 0.45677130 -1.00000000 0.00000000
335544 0.68000000 0.00000589 0.00000037 1.94169984 0.00226549 211347.15590000 199.65896816 0.19730000 0.44563726 -1.00000000 0.00000000
325059 0.69000000 0.00000584 0.00000033 1.91389074 0.00224747 206909.05730000 195.87080220 0.18610000 0.43299600 -1.00000000 0.00000000
314573 0.70000000 0.00000580 0.00000030 1.88713531 0.00223672 202249.79960000 192.18391375 0.17490000 0.41872129 -1.00000000 0.00000000
304087 0.71000000 0.00000575 0.00000030 1.86153776 0.00222824 197361.23130000 187.89324679 0.16620000 0.40693257 -1.00000000 0.00000000
293601 0.72000000 0.00000568 0.00000034 1.83705432 0.00222341 192252.48630000 184.13675854 0.15890000 0.39782737 -1.00000000 0.00000000
283116 0.73000000 0.00000557 0.00000042 1.81369219 0.00220631 186927.72520000 179.54815577 0.14860000 0.38357887 -1.00000000 0.00000000
272630 0.74000000 0.00000543 0.00000047 1.79133516 0.00219369 181404.17740000 174.31551543 0.13980000 0.37238398 -1.00000000 0.00000000
262144 0.75000000 0.00000529 0.00000049 1.76330740 0.00217736 176369.78900000 170.17737956 0.12780000 0.35676307 -1.00000000 0.00000000
251658 0.76000000 0.00000516 0.00000048 1.72912405 0.00218078 171828.35930000 167.79213576 0.11530000 0.33884715 -1.00000000 0.00000000
241172 0.77000000 0.00000505 0.00000044 1.69604156 0.00216185 167021.35590000 163.43404573 0.10380000 0.32192534 -1.00000000 0.00000000
230687 0.78000000 0.00000496 0.00000038 1.66428511 0.00215666 161930.70620000 159.48268983 0.09430000 0.30759872 -1.00000000 0.00000000
220201 0.79000000 0.00000488 0.00000031 1.63410967 0.00213874 156529.24620000 154.40141504 0.08530000 0.29297183 -1.00000000 0.00000000
209715 0.80000000 0.00000484 0.00000025 1.60326995 0.00212734 151039.57980000 149.87125465 0.07670000 0.27717286 -1.00000000 0.00000000
199229 0.81000000 0.00000480 0.00000022 1.57211887 0.00211814 145413.37130000 144.86404866 0.06950000 0.26509768 -1.00000000 0.00000000
188744 0.82000000 0.00000476 0.00000025 1.54068756 0.00209981 139656.83190000 139.40791692 0.05980000 0.24623165 -1.00000000 0.00000000
178258 0.83000000 0.00000468 0.00000033 1.50966441 0.00209456 133698.39180000 134.53819735 0.05200000 0.22956757 -1.00000000 0.00000000
167772 0.84000000 0.00000455 0.00000042 1.48094861 0.00209521 127368.01970000 128.60921252 0.04530000 0.21552855 -1.00000000 0.00000000
157286 0.85000000 0.00000440 0.00000048 1.45475750 0.00209134 120666.50640000 122.99945791 0.03840000 0.19882000 -1.00000000 0.00000000
146801 0.86000000 0.00000423 0.00000048 1.43138311 0.00210911 113598.98920000 117.83420290 0.03310000 0.18277782 -1.00000000 0.00000000
136315 0.87000000 0.00000409 0.00000043 1.41101294 0.00212087 106184.47450000 112.10939747 0.02670000 0.16367587 -1.00000000 0.00000000
125829 0.88000000 0.00000398 0.00000036 1.37344986 0.00211976 99604.13290000 105.83907043 0.02050000 0.14311463 -1.00000000 0.00000000
115343 0.89000000 0.00000390 0.00000027 1.33811317 0.00213576 92610.17040000 99.69017994 0.01430000 0.11956981 -1.00000000 0.00000000
104858 0.90000000 0.00000385 0.00000019 1.30466080 0.00214598 85240.33020000 92.53275960 0.00970000 0.09902975 -1.00000000 0.00000000
94372 0.91000000 0.00000383 0.00000015 1.27220694 0.00217914 77553.35950000 85.67823490 0.00620000 0.07976338 -1.00000000 0.00000000
83886 0.92000000 0.00000376 0.00000026 1.24335303 0.00221192 69450.61890000 78.12135020 0.00440000 0.06768381 -1.00000000 0.00000000
73400 0.93000000 0.00000355 0.00000043 1.22085740 0.00225630 60875.02320000 70.29973021 0.00240000 0.04893342 -1.00000000 0.00000000
62915 0.94000000 0.00000323 0.00000047 1.18670535 0.00228054 52429.69250000 61.14815658 0.00140000 0.03739224 -1.00000000 0.00000000
52429 0.95000000 0.00000299 0.00000033 1.14996170 0.00229616 43720.96360000 51.15628966 0.00060000 0.02448877 -1.00000000 0.00000000
41943 0.96000000 0.00000290 0.00000018 1.11947591 0.00236498 34541.01740000 41.68783377 0.00020000 0.01414143 -1.00000000 0.00000000
31457 0.97000000 0.00000287 0.00000008 1.08594285 0.00243783 25098.21660000 31.07116712 0.00000000 0.00000000 -1.00000000 0.00000000
20972 0.98000000 0.00000279 0.00000025 1.05348973 0.00252550 15308.23820000 19.57128929 0.00000000 0.00000000 -1.00000000 0.00000000
10486 0.99000000 0.00000200 0.00000028 1.01648007 0.00251045 5198.72280000 6.59455146 0.00000000 0.00000000 -1.00000000 0.00000000
0 1.00000000 0.00000000 0.00000000 0.00000000 0.00000000 0.00000000 0.00000000 0.00000000 0.00000000 -1.00000000 0.00000000
