# Node Removal Percolation Results (Averaged)
# N=32768 Strategy=ci
# M_graphs=10000 M_realizations=1 Total_runs=10000
# Columns:
#(1) nodes_remaining (2) frac_removed
#(3) gc_mean (4) gc_std
#(5) small_mean (6) small_std
#(7) comp_mean (8) comp_std
#(9) cycles_mean (10) cycles_std
#(11) lambda1_mean (12) lambda1_std
32768 0.00000000 0.97445772 0.00078556 1.08918641 0.01972013 647.32320000 24.12580666 31848.36400000 28.21451240 -1.00000000 0.00000000
32440 0.01000000 0.96293189 0.00081262 1.09637117 0.01998559 692.79230000 24.82415728 29238.43030000 35.79781684 -1.00000000 0.00000000
32113 0.02000000 0.95131837 0.00084183 1.10422699 0.02033068 740.52480000 25.62318169 26896.59650000 41.44454913 -1.00000000 0.00000000
31785 0.03000000 0.93961907 0.00087616 1.11278284 0.02081336 791.37120000 26.51771728 24742.02840000 46.29430537 -1.00000000 0.00000000
31457 0.04000000 0.92779156 0.00090967 1.12185749 0.02144894 844.71300000 27.36587876 22715.67700000 49.62700228 -1.00000000 0.00000000
31130 0.05000000 0.91574102 0.00095262 1.13236230 0.02210209 904.05970000 28.39673174 20799.09910000 52.46885721 -1.00000000 0.00000000
30802 0.06000000 0.90358998 0.00099211 1.14370236 0.02261104 966.63200000 29.34823177 19003.47390000 55.14658859 -1.00000000 0.00000000
30474 0.07000000 0.89128926 0.00103607 1.15616092 0.02358046 1031.91690000 30.39848024 17295.43340000 57.11135382 -1.00000000 0.00000000
30147 0.08000000 0.87883585 0.00107238 1.16986939 0.02463428 1100.79820000 31.12853956 15662.72320000 58.32299837 -1.00000000 0.00000000
29819 0.09000000 0.86595085 0.00111573 1.18701937 0.02576025 1181.53560000 32.06189528 14108.74190000 59.36455760 -1.00000000 0.00000000
29491 0.10000000 0.85265120 0.00117441 1.20716563 0.02720548 1271.52500000 33.32814504 12636.15990000 60.29138112 -1.00000000 0.00000000
29164 0.11000000 0.83937336 0.00123472 1.22852893 0.02874065 1359.33430000 34.50497070 11252.71810000 61.20698704 -1.00000000 0.00000000
28836 0.12000000 0.82593922 0.00128949 1.25252955 0.03054316 1450.35790000 35.69553228 9934.25930000 61.40191758 -1.00000000 0.00000000
28508 0.13000000 0.81197072 0.00135619 1.28374060 0.03370779 1551.92840000 36.81857458 8665.84120000 61.46690818 -1.00000000 0.00000000
28180 0.14000000 0.79699337 0.00144038 1.32668581 0.03802270 1675.53880000 38.16313060 7458.68370000 60.26608378 -1.00000000 0.00000000
27853 0.15000000 0.78138537 0.00153401 1.38197552 0.04419972 1809.25490000 39.50642228 6330.81550000 59.41206644 -1.00000000 0.00000000
27525 0.16000000 0.76505764 0.00164647 1.45326859 0.05270850 1954.11690000 40.88318209 5285.59010000 58.14287524 -1.00000000 0.00000000
27197 0.17000000 0.74785433 0.00180485 1.55316025 0.06558366 2107.37630000 43.34800576 4300.61830000 56.38731912 -1.00000000 0.00000000
26870 0.18000000 0.72965772 0.00200267 1.70464551 0.08890722 2264.52400000 44.45500252 3378.54220000 55.05804172 -1.00000000 0.00000000
26542 0.19000000 0.70876924 0.00230152 1.97905482 0.12868443 2444.18380000 45.64915993 2520.82920000 52.62659198 -1.00000000 0.00000000
26214 0.20000000 0.68159238 0.00284741 2.51852032 0.20770974 2681.14690000 47.45404207 1740.09560000 48.96472828 -1.00000000 0.00000000
25887 0.21000000 0.64406586 0.00402557 3.62190928 0.37101002 2974.98720000 50.17962172 1067.31480000 42.43305972 -1.00000000 0.00000000
25559 0.22000000 0.58399198 0.00684918 6.17731706 0.80150780 3350.33340000 54.51965227 525.02560000 35.64544577 -1.00000000 0.00000000
25231 0.23000000 0.46744178 0.01467945 13.94146208 2.78493421 3815.94200000 58.28466133 150.35790000 23.13737110 -1.00000000 0.00000000
24904 0.24000000 0.15307599 0.05751881 96.16789635 72.14331049 4480.52950000 63.76482828 7.04310000 4.26195481 -1.00000000 0.00000000
24576 0.25000000 0.00882247 0.00318889 28.56184008 3.23425372 5202.72640000 70.25405971 1.61430000 1.25821056 -1.00000000 0.00000000
24248 0.26000000 0.00291343 0.00066943 13.36054157 0.62645017 5893.66580000 68.42204519 1.21590000 1.08903893 -1.00000000 0.00000000
23921 0.27000000 0.00162784 0.00030204 8.97641625 0.27154781 6623.40910000 66.91675816 0.99680000 0.98938751 -1.00000000 0.00000000
23593 0.28000000 0.00108636 0.00016906 6.84583946 0.14245840 7255.82230000 67.79156948 0.86780000 0.92369285 -1.00000000 0.00000000
23265 0.29000000 0.00076093 0.00010302 5.49487828 0.08359751 7830.85450000 60.00241127 0.77790000 0.87501323 -1.00000000 0.00000000
22938 0.30000000 0.00058626 0.00007276 4.67390980 0.06328549 8342.99070000 64.40492383 0.71100000 0.83913611 -1.00000000 0.00000000
22610 0.31000000 0.00044602 0.00005156 4.05969375 0.04299834 8814.49080000 58.99021020 0.66110000 0.81074812 -1.00000000 0.00000000
22282 0.32000000 0.00033422 0.00003983 3.64193702 0.02949697 9211.15720000 61.38183169 0.61950000 0.78446242 -1.00000000 0.00000000
21955 0.33000000 0.00027297 0.00002661 3.33550927 0.02735451 9631.48980000 62.14366323 0.57610000 0.75502702 -1.00000000 0.00000000
21627 0.34000000 0.00023896 0.00001719 3.06455192 0.02102608 10050.76690000 59.08420820 0.53850000 0.72661582 -1.00000000 0.00000000
21299 0.35000000 0.00023552 0.00001801 2.87663637 0.01945095 10379.97410000 58.03386272 0.51350000 0.70913189 -1.00000000 0.00000000
20972 0.36000000 0.00023197 0.00001834 2.70020736 0.01803717 10707.81060000 57.83742771 0.49340000 0.69642296 -1.00000000 0.00000000
20644 0.37000000 0.00023003 0.00001805 2.64751660 0.01500587 10683.67450000 52.81178901 0.48280000 0.68931247 -1.00000000 0.00000000
20316 0.38000000 0.00022815 0.00001759 2.62807989 0.01497447 10555.54420000 52.45987657 0.47500000 0.68368249 -1.00000000 0.00000000
19988 0.39000000 0.00022629 0.00001719 2.60929421 0.01499484 10423.30860000 52.23959096 0.46640000 0.67787683 -1.00000000 0.00000000
19661 0.40000000 0.00022456 0.00001657 2.59111507 0.01495867 10287.63680000 51.82072003 0.45900000 0.67168751 -1.00000000 0.00000000
19333 0.41000000 0.00022284 0.00001604 2.57323600 0.01488486 10150.43620000 51.29654436 0.45020000 0.66630650 -1.00000000 0.00000000
19005 0.42000000 0.00022112 0.00001556 2.55540297 0.01482475 10011.47690000 50.89618167 0.44250000 0.66101244 -1.00000000 0.00000000
18678 0.43000000 0.00021930 0.00001540 2.53829864 0.01481555 9868.61070000 50.43691836 0.43620000 0.65633272 -1.00000000 0.00000000
18350 0.44000000 0.00021750 0.00001542 2.52204817 0.01479594 9721.75360000 50.16047542 0.42960000 0.65167961 -1.00000000 0.00000000
18022 0.45000000 0.00021563 0.00001567 2.50544092 0.01472735 9575.18290000 49.59406018 0.42280000 0.64643789 -1.00000000 0.00000000
17695 0.46000000 0.00021366 0.00001605 2.48896452 0.01467232 9427.24180000 48.98327132 0.41620000 0.64313212 -1.00000000 0.00000000
17367 0.47000000 0.00021147 0.00001648 2.47353289 0.01467927 9274.66200000 48.47095521 0.40990000 0.63680652 -1.00000000 0.00000000
17039 0.48000000 0.00020922 0.00001684 2.45841999 0.01469346 9119.27360000 48.10464581 0.40370000 0.63147936 -1.00000000 0.00000000
16712 0.49000000 0.00020685 0.00001718 2.44472530 0.01464433 8957.08880000 47.59065876 0.39720000 0.62631572 -1.00000000 0.00000000
16384 0.50000000 0.00020429 0.00001749 2.42656467 0.01458509 8812.93310000 47.03986500 0.39070000 0.62120214 -1.00000000 0.00000000
16056 0.51000000 0.00020154 0.00001748 2.40130789 0.01452703 8696.33000000 46.68625559 0.37770000 0.60883477 -1.00000000 0.00000000
15729 0.52000000 0.00019885 0.00001718 2.37549336 0.01443207 8580.89400000 46.26775805 0.36560000 0.59814080 -1.00000000 0.00000000
15401 0.53000000 0.00019628 0.00001660 2.35124821 0.01435748 8457.97280000 45.83405215 0.35440000 0.58909706 -1.00000000 0.00000000
15073 0.54000000 0.00019397 0.00001580 2.32566792 0.01426136 8338.61240000 45.12042056 0.34330000 0.58075712 -1.00000000 0.00000000
14746 0.55000000 0.00019178 0.00001488 2.30129928 0.01426978 8212.60210000 44.87574577 0.33370000 0.57269286 -1.00000000 0.00000000
14418 0.56000000 0.00018961 0.00001386 2.27813912 0.01423275 8080.97340000 44.33855301 0.32380000 0.56319204 -1.00000000 0.00000000
14090 0.57000000 0.00018774 0.00001307 2.25370231 0.01409056 7952.61370000 43.45471785 0.31240000 0.55338672 -1.00000000 0.00000000
13763 0.58000000 0.00018568 0.00001309 2.23146717 0.01402496 7813.55170000 42.82338977 0.30160000 0.54540553 -1.00000000 0.00000000
13435 0.59000000 0.00018365 0.00001339 2.20862886 0.01386369 7676.09700000 42.03119619 0.29290000 0.53845945 -1.00000000 0.00000000
13107 0.60000000 0.00018118 0.00001409 2.18222573 0.01375360 7551.23330000 41.17844627 0.28270000 0.53010264 -1.00000000 0.00000000
12780 0.61000000 0.00017842 0.00001505 2.15425729 0.01363591 7430.43610000 40.46134240 0.27020000 0.51731878 -1.00000000 0.00000000
12452 0.62000000 0.00017514 0.00001584 2.12614174 0.01353592 7308.08200000 39.83977406 0.25910000 0.50714190 -1.00000000 0.00000000
12124 0.63000000 0.00017198 0.00001634 2.09516137 0.01340197 7195.07200000 39.16399875 0.24530000 0.49188627 -1.00000000 0.00000000
11796 0.64000000 0.00016893 0.00001643 2.06317990 0.01328190 7085.12680000 38.47645729 0.23400000 0.48069440 -1.00000000 0.00000000
11469 0.65000000 0.00016619 0.00001612 2.03092009 0.01317382 6975.02560000 37.60913705 0.22070000 0.46756109 -1.00000000 0.00000000
11141 0.66000000 0.00016378 0.00001544 2.00000306 0.01298279 6857.82600000 36.68579437 0.20740000 0.45321715 -1.00000000 0.00000000
10813 0.67000000 0.00016147 0.00001442 1.96955359 0.01280214 6734.97070000 35.82635335 0.19450000 0.43782293 -1.00000000 0.00000000
10486 0.68000000 0.00015969 0.00001336 1.94019738 0.01271417 6604.85520000 35.09416751 0.18360000 0.42627363 -1.00000000 0.00000000
10158 0.69000000 0.00015807 0.00001228 1.91276529 0.01264049 6465.11620000 34.44339606 0.17220000 0.41275198 -1.00000000 0.00000000
9830 0.70000000 0.00015658 0.00001113 1.88577252 0.01263161 6320.05430000 33.78693101 0.16190000 0.40013048 -1.00000000 0.00000000
9503 0.71000000 0.00015506 0.00001036 1.85973594 0.01256113 6168.53010000 33.09329253 0.15260000 0.38875230 -1.00000000 0.00000000
9175 0.72000000 0.00015355 0.00001048 1.83527437 0.01246322 6009.22370000 32.38615668 0.14290000 0.37509153 -1.00000000 0.00000000
8847 0.73000000 0.00015137 0.00001124 1.81185825 0.01241115 5842.78250000 31.55173442 0.13290000 0.36311262 -1.00000000 0.00000000
8520 0.74000000 0.00014864 0.00001287 1.78954769 0.01233063 5669.71570000 30.78242728 0.12500000 0.35126534 -1.00000000 0.00000000
8192 0.75000000 0.00014520 0.00001451 1.76229144 0.01225838 5510.08930000 30.03327697 0.11640000 0.33920871 -1.00000000 0.00000000
7864 0.76000000 0.00014154 0.00001552 1.72796964 0.01220467 5368.47230000 29.37325163 0.10510000 0.32320959 -1.00000000 0.00000000
7537 0.77000000 0.00013773 0.00001579 1.69484044 0.01219619 5218.28330000 28.78743324 0.09190000 0.30242939 -1.00000000 0.00000000
7209 0.78000000 0.00013419 0.00001533 1.66331268 0.01209184 5058.98350000 27.89298531 0.08270000 0.28402249 -1.00000000 0.00000000
6881 0.79000000 0.00013099 0.00001416 1.63299361 0.01206927 4890.53460000 27.18625962 0.07400000 0.26857255 -1.00000000 0.00000000
6554 0.80000000 0.00012832 0.00001251 1.60208592 0.01202965 4718.93740000 26.39583595 0.06530000 0.25267033 -1.00000000 0.00000000
6226 0.81000000 0.00012639 0.00001081 1.57104145 0.01199221 4543.32980000 25.65262243 0.05750000 0.23664182 -1.00000000 0.00000000
5898 0.82000000 0.00012511 0.00000935 1.53938819 0.01200732 4363.67440000 24.87897669 0.04970000 0.22007897 -1.00000000 0.00000000
5571 0.83000000 0.00012413 0.00000819 1.50811847 0.01210594 4177.55640000 24.18046502 0.04150000 0.20095220 -1.00000000 0.00000000
5243 0.84000000 0.00012302 0.00000769 1.47937011 0.01211358 3980.16000000 23.35172221 0.03600000 0.18736998 -1.00000000 0.00000000
4915 0.85000000 0.00012136 0.00000889 1.45280994 0.01210124 3771.15800000 22.33821245 0.03060000 0.17339737 -1.00000000 0.00000000
4588 0.86000000 0.00011880 0.00001105 1.42932640 0.01214141 3550.17800000 21.29110723 0.02510000 0.15707469 -1.00000000 0.00000000
4260 0.87000000 0.00011497 0.00001359 1.40936451 0.01207708 3318.14560000 20.05378309 0.02090000 0.14305676 -1.00000000 0.00000000
3932 0.88000000 0.00010984 0.00001531 1.37182994 0.01202540 3112.38880000 18.82320552 0.01680000 0.12852786 -1.00000000 0.00000000
3604 0.89000000 0.00010421 0.00001521 1.33660949 0.01208602 2893.57690000 17.67289788 0.01220000 0.10978326 -1.00000000 0.00000000
3277 0.90000000 0.00009934 0.00001340 1.30315162 0.01217931 2663.13980000 16.45813303 0.00850000 0.09180737 -1.00000000 0.00000000
2949 0.91000000 0.00009614 0.00001096 1.27075277 0.01231694 2423.44280000 15.18773831 0.00650000 0.08036415 -1.00000000 0.00000000
2621 0.92000000 0.00009403 0.00000839 1.24155527 0.01245683 2170.27020000 13.78454182 0.00470000 0.06839867 -1.00000000 0.00000000
2294 0.93000000 0.00009273 0.00000597 1.21860664 0.01279943 1902.22810000 12.46283285 0.00290000 0.05377620 -1.00000000 0.00000000
1966 0.94000000 0.00009173 0.00000487 1.18409145 0.01299851 1638.86780000 10.89946801 0.00190000 0.04354974 -1.00000000 0.00000000
1638 0.95000000 0.00008904 0.00000899 1.14688439 0.01306516 1366.44360000 9.17794326 0.00060000 0.02448877 -1.00000000 0.00000000
1311 0.96000000 0.00008170 0.00001437 1.11599362 0.01308736 1079.39820000 7.35570849 0.00010000 0.01000000 -1.00000000 0.00000000
983 0.97000000 0.00007112 0.00001437 1.08263242 0.01326760 784.95580000 5.45364287 0.00000000 0.00000000 -1.00000000 0.00000000
655 0.98000000 0.00006342 0.00000820 1.04941500 0.01402968 478.82080000 3.46269929 0.00000000 0.00000000 -1.00000000 0.00000000
328 0.99000000 0.00005365 0.00001324 1.00783237 0.01130757 162.60770000 1.15816011 0.00000000 0.00000000 -1.00000000 0.00000000
0 1.00000000 0.00000000 0.00000000 0.00000000 0.00000000 0.00000000 0.00000000 0.00000000 0.00000000 -1.00000000 0.00000000
