# Node Removal Percolation Results (Averaged)
# N=16384 Strategy=ci
# M_graphs=10000 M_realizations=1 Total_runs=10000
# Columns:
#(1) nodes_remaining (2) frac_removed
#(3) gc_mean (4) gc_std
#(5) small_mean (6) small_std
#(7) comp_mean (8) comp_std
#(9) cycles_mean (10) cycles_std
#(11) lambda1_mean (12) lambda1_std
16384 0.00000000 0.97449520 0.00111430 1.08948567 0.02747881 323.98840000 17.07905252 15929.11120000 19.92478693 -1.00000000 0.00000000
16220 0.01000000 0.96294911 0.00115732 1.09660880 0.02788196 347.03640000 17.64430240 14622.18460000 25.16864853 -1.00000000 0.00000000
16056 0.02000000 0.95131372 0.00120152 1.10420982 0.02827532 371.26200000 18.21077481 13448.95920000 28.93034794 -1.00000000 0.00000000
15892 0.03000000 0.93953766 0.00124793 1.11303458 0.02902203 397.33850000 18.83083051 12365.59900000 32.42817537 -1.00000000 0.00000000
15729 0.04000000 0.92769519 0.00129649 1.12215338 0.02980932 424.19420000 19.44388574 11351.24080000 34.63623510 -1.00000000 0.00000000
15565 0.05000000 0.91558243 0.00134072 1.13288632 0.03086670 454.72100000 19.95001652 10389.14660000 36.49689180 -1.00000000 0.00000000
15401 0.06000000 0.90335150 0.00139991 1.14486457 0.03197298 487.51480000 20.67691308 9490.59450000 38.53876741 -1.00000000 0.00000000
15237 0.07000000 0.89105681 0.00146216 1.15692695 0.03278924 520.03810000 21.39925796 8636.62990000 39.95416573 -1.00000000 0.00000000
15073 0.08000000 0.87855825 0.00152108 1.17048574 0.03382407 555.05890000 22.10350396 7817.79330000 40.83413667 -1.00000000 0.00000000
14909 0.09000000 0.86552635 0.00158029 1.18738575 0.03565468 597.04280000 22.69129035 7034.07970000 41.44053185 -1.00000000 0.00000000
14746 0.10000000 0.85206879 0.00166039 1.20760864 0.03722765 644.13580000 23.60248856 6296.31870000 42.23154130 -1.00000000 0.00000000
14582 0.11000000 0.83859708 0.00174640 1.22854774 0.03915058 690.62260000 24.50499987 5602.96720000 42.81315009 -1.00000000 0.00000000
14418 0.12000000 0.82518129 0.00182608 1.24992143 0.04118955 736.49730000 25.29258714 4946.08370000 42.92007814 -1.00000000 0.00000000
14254 0.13000000 0.81126301 0.00190606 1.27513261 0.04373641 787.26470000 26.00167000 4311.44990000 42.78431885 -1.00000000 0.00000000
14090 0.14000000 0.79627940 0.00201379 1.30977340 0.04750372 850.24830000 26.93532621 3705.92880000 42.24223208 -1.00000000 0.00000000
13926 0.15000000 0.78016008 0.00212806 1.35749732 0.05348418 924.88480000 27.70715968 3139.18430000 41.52867439 -1.00000000 0.00000000
13763 0.16000000 0.76349355 0.00227631 1.41583580 0.06221249 1003.04990000 28.74185136 2614.88080000 40.65098574 -1.00000000 0.00000000
13599 0.17000000 0.74679402 0.00245251 1.48103971 0.07391473 1078.55600000 29.78294422 2125.95380000 39.88609727 -1.00000000 0.00000000
13435 0.18000000 0.72909135 0.00266528 1.57533825 0.09585248 1160.61120000 31.04080198 1665.87690000 38.77588301 -1.00000000 0.00000000
13271 0.19000000 0.70962060 0.00296266 1.74039702 0.14079013 1253.17680000 31.94222554 1238.89960000 37.09174436 -1.00000000 0.00000000
13107 0.20000000 0.68519879 0.00358302 2.11971109 0.24693394 1372.82580000 33.33297411 847.98960000 34.72966033 -1.00000000 0.00000000
12943 0.21000000 0.65204426 0.00517129 3.12903460 0.55110525 1517.07280000 34.84562701 507.46370000 30.80725549 -1.00000000 0.00000000
12780 0.22000000 0.59570121 0.00976402 6.41511802 1.50290019 1692.96040000 37.07359541 230.53100000 25.23520003 -1.00000000 0.00000000
12616 0.23000000 0.44768113 0.03155692 22.80736533 9.97866728 1922.58460000 41.54528185 45.93900000 13.60790934 -1.00000000 0.00000000
12452 0.24000000 0.04823482 0.02828906 69.55556364 21.60284461 2277.04120000 45.65888496 3.18050000 1.79695372 -1.00000000 0.00000000
12288 0.25000000 0.00825358 0.00238365 21.13992171 1.93303267 2639.54630000 46.29253672 2.16700000 1.46537563 -1.00000000 0.00000000
12124 0.26000000 0.00384025 0.00079826 12.32147658 0.60185823 2995.29480000 45.48517762 1.80060000 1.35019330 -1.00000000 0.00000000
11960 0.27000000 0.00231989 0.00038180 8.82234745 0.28319516 3306.63680000 46.22900819 1.59260000 1.27003407 -1.00000000 0.00000000
11796 0.28000000 0.00154996 0.00022398 6.92264121 0.15354344 3590.31820000 42.10461291 1.43870000 1.20365576 -1.00000000 0.00000000
11633 0.29000000 0.00112622 0.00014623 5.86195377 0.11219313 3852.13690000 44.64996663 1.32450000 1.15201235 -1.00000000 0.00000000
11469 0.30000000 0.00079899 0.00009389 5.17730069 0.07437898 4063.64350000 41.10316721 1.24670000 1.11560009 -1.00000000 0.00000000
11305 0.31000000 0.00071330 0.00005196 4.70253055 0.06332575 4270.77640000 42.62950774 1.16800000 1.07976506 -1.00000000 0.00000000
11141 0.32000000 0.00069628 0.00005392 4.28617132 0.05639895 4482.39310000 42.76210743 1.08990000 1.04533596 -1.00000000 0.00000000
10977 0.33000000 0.00069227 0.00005550 3.98734590 0.04580237 4656.88230000 39.90408601 1.02640000 1.01558170 -1.00000000 0.00000000
10813 0.34000000 0.00069036 0.00005596 3.74152102 0.03931920 4812.24880000 37.36354777 0.96050000 0.98164969 -1.00000000 0.00000000
10650 0.35000000 0.00068389 0.00005521 3.69050741 0.03828774 4779.37840000 38.48224138 0.93720000 0.96981968 -1.00000000 0.00000000
10486 0.36000000 0.00067693 0.00005486 3.66101631 0.03828770 4721.87530000 38.37448123 0.92080000 0.96125947 -1.00000000 0.00000000
10322 0.37000000 0.00067034 0.00005423 3.63610862 0.03816737 4658.46810000 38.18070139 0.90870000 0.95543477 -1.00000000 0.00000000
10158 0.38000000 0.00066384 0.00005384 3.60440020 0.03828645 4603.21650000 38.43189468 0.89190000 0.94926524 -1.00000000 0.00000000
9994 0.39000000 0.00065714 0.00005327 3.57446481 0.03817917 4545.12000000 38.36853678 0.87410000 0.94166760 -1.00000000 0.00000000
9830 0.40000000 0.00065034 0.00005255 3.54664707 0.03815809 4483.99630000 38.16938009 0.85770000 0.93291894 -1.00000000 0.00000000
9667 0.41000000 0.00064334 0.00005174 3.51784723 0.03798438 4423.80410000 37.91207797 0.83890000 0.92208016 -1.00000000 0.00000000
9503 0.42000000 0.00063696 0.00005130 3.49031776 0.03790668 4361.68180000 37.68839862 0.82470000 0.91392201 -1.00000000 0.00000000
9339 0.43000000 0.00063067 0.00005098 3.46583709 0.03787612 4295.21910000 37.44244235 0.81240000 0.90680123 -1.00000000 0.00000000
9175 0.44000000 0.00062435 0.00005040 3.44098673 0.03773052 4229.40610000 37.17085888 0.80150000 0.90087674 -1.00000000 0.00000000
9011 0.45000000 0.00061793 0.00005011 3.41596566 0.03752350 4162.97470000 36.81779753 0.78530000 0.89257133 -1.00000000 0.00000000
8847 0.46000000 0.00061101 0.00004961 3.39239397 0.03749115 4094.47870000 36.63125075 0.77160000 0.88425767 -1.00000000 0.00000000
8684 0.47000000 0.00060438 0.00004916 3.37179040 0.03730274 4021.65880000 36.30134379 0.75810000 0.87764538 -1.00000000 0.00000000
8520 0.48000000 0.00059750 0.00004820 3.35362436 0.03714772 3945.53560000 35.89738423 0.74850000 0.87196547 -1.00000000 0.00000000
8356 0.49000000 0.00059034 0.00004721 3.33877555 0.03699415 3864.82260000 35.49409968 0.74030000 0.86771608 -1.00000000 0.00000000
8192 0.50000000 0.00058356 0.00004652 3.30941567 0.03711024 3802.38610000 35.52916068 0.72240000 0.85697823 -1.00000000 0.00000000
8028 0.51000000 0.00057610 0.00004610 3.26682090 0.03699628 3755.68450000 35.39905464 0.69410000 0.83641805 -1.00000000 0.00000000
7864 0.52000000 0.00056867 0.00004559 3.22445568 0.03681036 3708.13750000 35.19274708 0.66870000 0.82000460 -1.00000000 0.00000000
7700 0.53000000 0.00056125 0.00004555 3.18594732 0.03663624 3655.26110000 35.04725321 0.64630000 0.80377915 -1.00000000 0.00000000
7537 0.54000000 0.00055323 0.00004503 3.14529232 0.03653259 3604.92000000 34.94013282 0.62230000 0.78530528 -1.00000000 0.00000000
7373 0.55000000 0.00054573 0.00004483 3.10667898 0.03625426 3551.47590000 34.69657626 0.59990000 0.76998654 -1.00000000 0.00000000
7209 0.56000000 0.00053792 0.00004435 3.07510624 0.03596799 3489.08850000 34.32106440 0.58080000 0.76008495 -1.00000000 0.00000000
7045 0.57000000 0.00053035 0.00004356 3.03694680 0.03569836 3434.23160000 33.94583912 0.56010000 0.74635360 -1.00000000 0.00000000
6881 0.58000000 0.00052245 0.00004253 2.99272092 0.03563581 3386.43790000 33.83255840 0.53400000 0.72794024 -1.00000000 0.00000000
6717 0.59000000 0.00051475 0.00004181 2.94846360 0.03539325 3337.64640000 33.60280170 0.50940000 0.71327590 -1.00000000 0.00000000
6554 0.60000000 0.00050695 0.00004143 2.90001349 0.03513569 3293.18370000 33.34327416 0.48340000 0.69467453 -1.00000000 0.00000000
6390 0.61000000 0.00049932 0.00004126 2.85130040 0.03492751 3248.68210000 33.16820243 0.45720000 0.67853828 -1.00000000 0.00000000
6226 0.62000000 0.00049126 0.00004136 2.80463576 0.03464457 3202.25610000 32.83327756 0.43420000 0.66235506 -1.00000000 0.00000000
6062 0.63000000 0.00048336 0.00004160 2.74691327 0.03438696 3168.13790000 32.52058183 0.40240000 0.63617192 -1.00000000 0.00000000
5898 0.64000000 0.00047613 0.00004196 2.68803184 0.03412988 3134.15370000 32.22953538 0.37130000 0.61373771 -1.00000000 0.00000000
5734 0.65000000 0.00046863 0.00004116 2.63191540 0.03402680 3095.90040000 31.92544445 0.34430000 0.59160165 -1.00000000 0.00000000
5571 0.66000000 0.00046146 0.00004011 2.57646085 0.03373388 3055.43720000 31.49829313 0.31750000 0.56808980 -1.00000000 0.00000000
5407 0.67000000 0.00045379 0.00003908 2.52365635 0.03316647 3010.62310000 30.91703143 0.29290000 0.54693647 -1.00000000 0.00000000
5243 0.68000000 0.00044670 0.00003840 2.47643049 0.03288008 2958.28720000 30.62011553 0.27020000 0.52499478 -1.00000000 0.00000000
5079 0.69000000 0.00043958 0.00003826 2.43055212 0.03254821 2903.55570000 30.10837008 0.25170000 0.50712210 -1.00000000 0.00000000
4915 0.70000000 0.00043214 0.00003856 2.38595993 0.03228542 2845.48760000 29.61632926 0.23230000 0.48658030 -1.00000000 0.00000000
4751 0.71000000 0.00042448 0.00003879 2.34380485 0.03196316 2783.50630000 29.09429168 0.21360000 0.46625828 -1.00000000 0.00000000
4588 0.72000000 0.00041634 0.00003925 2.30531038 0.03189965 2715.98820000 28.67964632 0.19680000 0.44664271 -1.00000000 0.00000000
4424 0.73000000 0.00040811 0.00003850 2.26932887 0.03152907 2644.63380000 28.02639908 0.17880000 0.42573311 -1.00000000 0.00000000
4260 0.74000000 0.00040012 0.00003761 2.23963086 0.03142832 2565.38880000 27.44483479 0.16630000 0.40799627 -1.00000000 0.00000000
4096 0.75000000 0.00039204 0.00003592 2.19591559 0.03148153 2498.87230000 27.13286959 0.15120000 0.38775456 -1.00000000 0.00000000
3932 0.76000000 0.00038463 0.00003429 2.13552619 0.03138264 2446.04050000 26.76022927 0.13240000 0.36315758 -1.00000000 0.00000000
3768 0.77000000 0.00037668 0.00003382 2.07708365 0.03121117 2388.72840000 26.22868712 0.11300000 0.33562220 -1.00000000 0.00000000
3604 0.78000000 0.00036837 0.00003411 2.02498970 0.03085266 2323.11540000 25.56385796 0.09920000 0.31522896 -1.00000000 0.00000000
3441 0.79000000 0.00035872 0.00003533 1.96802228 0.03051540 2259.51240000 24.87855584 0.08560000 0.29305499 -1.00000000 0.00000000
3277 0.80000000 0.00034880 0.00003637 1.91128855 0.03016189 2192.87950000 24.12945509 0.07210000 0.26666215 -1.00000000 0.00000000
3113 0.81000000 0.00033985 0.00003593 1.85605452 0.02976127 2122.80910000 23.28247119 0.06150000 0.24763659 -1.00000000 0.00000000
2949 0.82000000 0.00033098 0.00003417 1.79827167 0.02924309 2051.04800000 22.24117719 0.05010000 0.22359559 -1.00000000 0.00000000
2785 0.83000000 0.00032324 0.00003166 1.74340616 0.02893949 1973.53940000 21.32084673 0.03970000 0.19981968 -1.00000000 0.00000000
2621 0.84000000 0.00031620 0.00002949 1.69482252 0.02858349 1887.75720000 20.37480212 0.03390000 0.18480856 -1.00000000 0.00000000
2458 0.85000000 0.00030843 0.00002924 1.64968299 0.02834886 1796.17390000 19.40033753 0.02660000 0.16399735 -1.00000000 0.00000000
2294 0.86000000 0.00030008 0.00003105 1.61111771 0.02796773 1696.84370000 18.33086120 0.02100000 0.14546861 -1.00000000 0.00000000
2130 0.87000000 0.00029083 0.00003270 1.58140708 0.02804199 1589.64170000 17.43185900 0.01640000 0.12779935 -1.00000000 0.00000000
1966 0.88000000 0.00027827 0.00003349 1.51829018 0.02757937 1499.04700000 16.44547465 0.01080000 0.10336551 -1.00000000 0.00000000
1802 0.89000000 0.00026661 0.00003105 1.45951263 0.02694923 1401.06800000 15.20402882 0.00700000 0.08337683 -1.00000000 0.00000000
1638 0.90000000 0.00025706 0.00002658 1.40195423 0.02654333 1297.26970000 13.96850292 0.00520000 0.07192689 -1.00000000 0.00000000
1475 0.91000000 0.00024924 0.00002443 1.34958623 0.02588272 1185.74500000 12.67687837 0.00290000 0.05377620 -1.00000000 0.00000000
1311 0.92000000 0.00024014 0.00002711 1.30431350 0.02548038 1066.04600000 11.47626483 0.00150000 0.03870271 -1.00000000 0.00000000
1147 0.93000000 0.00022877 0.00003122 1.26934175 0.02538466 937.54000000 10.22944105 0.00110000 0.03314966 -1.00000000 0.00000000
983 0.94000000 0.00021253 0.00003233 1.22102495 0.02473755 810.71060000 8.85834605 0.00080000 0.02827437 -1.00000000 0.00000000
819 0.95000000 0.00019703 0.00002653 1.16957191 0.02408896 678.43830000 7.32793033 0.00030000 0.01731878 -1.00000000 0.00000000
655 0.96000000 0.00018564 0.00002332 1.12809958 0.02329760 537.36370000 5.79418498 0.00000000 0.00000000 -1.00000000 0.00000000
492 0.97000000 0.00016475 0.00003146 1.08646968 0.02179084 391.13530000 4.22066053 0.00000000 0.00000000 -1.00000000 0.00000000
328 0.98000000 0.00013619 0.00002656 1.04796029 0.02077898 238.95460000 2.59819435 0.00000000 0.00000000 -1.00000000 0.00000000
164 0.99000000 0.00009379 0.00003135 1.00535867 0.01312257 81.24910000 0.86332133 0.00000000 0.00000000 -1.00000000 0.00000000
0 1.00000000 0.00000000 0.00000000 0.00000000 0.00000000 0.00000000 0.00000000 0.00000000 0.00000000 -1.00000000 0.00000000
