# Node Removal Percolation Results (Averaged)
# N=4194304 Strategy=ci
# M_graphs=10000 M_realizations=1 Total_runs=10000
# Columns:
#(1) nodes_remaining (2) frac_removed
#(3) gc_mean (4) gc_std
#(5) small_mean (6) small_std
#(7) comp_mean (8) comp_std
#(9) cycles_mean (10) cycles_std
#(11) lambda1_mean (12) lambda1_std
4194304 0.00000000 0.97441936 0.00006959 1.08972702 0.00176569 82769.66250000 273.76509662 4075501.17710000 324.35145741 -1.00000000 0.00000000
4152361 0.01000000 0.96290325 0.00007230 1.09698960 0.00179187 88587.09910000 283.37728234 3741835.38099999 419.83777917 -1.00000000 0.00000000
4110418 0.02000000 0.95130696 0.00007420 1.10472978 0.00183107 94671.59770000 289.67983964 3442388.48219998 460.84980388 -1.00000000 0.00000000
4068475 0.03000000 0.93958632 0.00007710 1.11319265 0.00187393 101183.46080000 298.89541300 3166167.54139999 518.40346903 -1.00000000 0.00000000
4026532 0.04000000 0.92775556 0.00007779 1.12236446 0.00191767 108058.41400000 298.96035044 2906926.79949999 547.91279629 -1.00000000 0.00000000
3984589 0.05000000 0.91572363 0.00008417 1.13278391 0.00196744 115621.90500000 321.37732203 2661811.40750001 587.54222149 -1.00000000 0.00000000
3942646 0.06000000 0.90357838 0.00008627 1.14405947 0.00203491 123531.64710000 326.66205989 2431874.56999999 616.97041319 -1.00000000 0.00000000
3900703 0.07000000 0.89128691 0.00009126 1.15642367 0.00212813 131895.24310000 342.80204335 2213237.96879999 640.04156814 -1.00000000 0.00000000
3858760 0.08000000 0.87881068 0.00009481 1.17032521 0.00220204 140827.99500000 353.58877029 2004358.71560000 652.94498055 -1.00000000 0.00000000
3816817 0.09000000 0.86590869 0.00009769 1.18741069 0.00231078 151150.77090000 360.73426526 1805053.46330000 666.84619159 -1.00000000 0.00000000
3774874 0.10000000 0.85255707 0.00010188 1.20798363 0.00242479 162886.32930000 371.48076378 1616354.15080000 682.34240699 -1.00000000 0.00000000
3732931 0.11000000 0.83936326 0.00010746 1.22870119 0.00255778 173876.52310000 386.07791944 1439886.96320000 688.00193365 -1.00000000 0.00000000
3690988 0.12000000 0.82587213 0.00011167 1.25308193 0.00274858 185655.65000000 395.65547390 1270723.76040001 690.60565753 -1.00000000 0.00000000
3649044 0.13000000 0.81194260 0.00011788 1.28374788 0.00301133 198570.24050000 409.86917588 1108662.14970000 686.44490380 -1.00000000 0.00000000
3607101 0.14000000 0.79692973 0.00012659 1.32695882 0.00340218 214545.44640000 429.30254296 954280.67350000 676.07080537 -1.00000000 0.00000000
3565158 0.15000000 0.78139316 0.00013361 1.38204558 0.00391589 231455.18270000 440.43241456 810076.10540000 668.91892464 -1.00000000 0.00000000
3523215 0.16000000 0.76502681 0.00014311 1.45341762 0.00464996 250052.38220000 453.93199177 676040.21530000 657.04411712 -1.00000000 0.00000000
3481272 0.17000000 0.74782622 0.00016123 1.55285566 0.00576757 269705.56910000 489.85765696 550084.03320000 634.23081474 -1.00000000 0.00000000
3439329 0.18000000 0.72952584 0.00017750 1.70538825 0.00771855 290144.09590000 505.28815374 432139.46820000 619.69332510 -1.00000000 0.00000000
3397386 0.19000000 0.70874240 0.00020458 1.97889349 0.01121948 312783.76320000 517.59373958 322176.98950000 595.78505434 -1.00000000 0.00000000
3355443 0.20000000 0.68161828 0.00025123 2.51812487 0.01819517 343049.56990000 537.62798206 222333.74370000 552.67925531 -1.00000000 0.00000000
3313500 0.21000000 0.64417044 0.00035878 3.61995578 0.03278588 380646.68410000 568.71856431 136320.74640000 478.23688057 -1.00000000 0.00000000
3271557 0.22000000 0.58397475 0.00061591 6.18115416 0.07186461 428905.69130000 619.39320871 66719.35220000 405.34489981 -1.00000000 0.00000000
3229614 0.23000000 0.46793936 0.00131709 13.84018438 0.24373723 488628.28510000 672.85777961 18822.62870000 262.98741315 -1.00000000 0.00000000
3187671 0.24000000 0.16875864 0.00515105 78.62646245 7.48361784 573174.37760000 723.59742920 375.00670000 44.29065614 -1.00000000 0.00000000
3145728 0.25000000 0.00017779 0.00003419 31.89239321 0.44630801 666039.11060000 799.22098483 1.62660000 1.25743014 -1.00000000 0.00000000
3103785 0.26000000 0.00004301 0.00000609 13.65037611 0.06372207 754100.86680000 746.26702963 1.23480000 1.11238154 -1.00000000 0.00000000
3061842 0.27000000 0.00002179 0.00000253 9.07581939 0.02580084 847810.63110000 761.95141355 1.01520000 1.00949040 -1.00000000 0.00000000
3019899 0.28000000 0.00001360 0.00000142 6.88569096 0.01308218 929012.00570000 770.39805853 0.88150000 0.93709421 -1.00000000 0.00000000
2977956 0.29000000 0.00000889 0.00000079 5.51137338 0.00735273 1001940.19420000 708.51572117 0.79320000 0.89146690 -1.00000000 0.00000000
2936013 0.30000000 0.00000669 0.00000057 4.68556421 0.00569563 1067989.53910000 727.52183519 0.72840000 0.85094409 -1.00000000 0.00000000
2894070 0.31000000 0.00000496 0.00000040 4.06463986 0.00385045 1128515.99600000 668.80221084 0.67760000 0.82166036 -1.00000000 0.00000000
2852127 0.32000000 0.00000373 0.00000031 3.64446531 0.00263231 1179309.56890001 697.87764599 0.63760000 0.79644816 -1.00000000 0.00000000
2810184 0.33000000 0.00000287 0.00000021 3.33700544 0.00243572 1233042.35700000 706.92625742 0.59500000 0.77345641 -1.00000000 0.00000000
2768241 0.34000000 0.00000226 0.00000013 3.06440559 0.00176577 1286941.00490000 655.23738788 0.55510000 0.74781008 -1.00000000 0.00000000
2726298 0.35000000 0.00000224 0.00000013 2.87752340 0.00171193 1328883.97920000 655.23605960 0.52940000 0.73033484 -1.00000000 0.00000000
2684355 0.36000000 0.00000224 0.00000013 2.70114793 0.00159429 1370826.95660001 655.23791739 0.50680000 0.71330543 -1.00000000 0.00000000
2642412 0.37000000 0.00000222 0.00000012 2.64729729 0.00133721 1368503.27980000 595.61230353 0.49530000 0.70514370 -1.00000000 0.00000000
2600468 0.38000000 0.00000221 0.00000012 2.62851815 0.00133661 1351701.85380000 592.42343706 0.48610000 0.69732017 -1.00000000 0.00000000
2558525 0.39000000 0.00000219 0.00000011 2.61009554 0.00133640 1334592.61800000 589.15769226 0.47810000 0.69265314 -1.00000000 0.00000000
2516582 0.40000000 0.00000218 0.00000011 2.59200077 0.00133337 1317195.22570001 585.63647151 0.47160000 0.68690656 -1.00000000 0.00000000
2474639 0.41000000 0.00000216 0.00000011 2.57432750 0.00133414 1299453.93649999 583.62557736 0.46510000 0.68368760 -1.00000000 0.00000000
2432696 0.42000000 0.00000215 0.00000011 2.55703313 0.00133162 1281396.67860000 579.42201675 0.45780000 0.67857587 -1.00000000 0.00000000
2390753 0.43000000 0.00000213 0.00000012 2.54010727 0.00132532 1263032.54819999 573.95712711 0.45100000 0.67382817 -1.00000000 0.00000000
2348810 0.44000000 0.00000210 0.00000012 2.52354392 0.00132466 1244366.64500000 570.11452765 0.44310000 0.66798728 -1.00000000 0.00000000
2306867 0.45000000 0.00000208 0.00000013 2.50734468 0.00131766 1225399.60940000 565.14922029 0.43780000 0.66466182 -1.00000000 0.00000000
2264924 0.46000000 0.00000205 0.00000013 2.49153808 0.00131940 1206120.45290000 561.03759883 0.43080000 0.65898011 -1.00000000 0.00000000
2222981 0.47000000 0.00000203 0.00000013 2.47607507 0.00131947 1186558.60090000 554.64655944 0.42620000 0.65558870 -1.00000000 0.00000000
2181038 0.48000000 0.00000201 0.00000013 2.46097868 0.00131269 1166703.51370000 548.35441921 0.42120000 0.65271216 -1.00000000 0.00000000
2139095 0.49000000 0.00000199 0.00000012 2.44624681 0.00130439 1146560.23340001 540.62545012 0.41520000 0.64888448 -1.00000000 0.00000000
2097152 0.50000000 0.00000197 0.00000011 2.42660742 0.00130351 1128866.63030000 537.39040563 0.40410000 0.63972190 -1.00000000 0.00000000
2055209 0.51000000 0.00000195 0.00000010 2.40153470 0.00130559 1113853.42269999 535.26062532 0.39260000 0.63079714 -1.00000000 0.00000000
2013266 0.52000000 0.00000194 0.00000009 2.37641802 0.00128801 1098686.76220000 527.39698711 0.37990000 0.62049536 -1.00000000 0.00000000
1971323 0.53000000 0.00000192 0.00000009 2.35134289 0.00128537 1083320.82730000 523.34205427 0.36730000 0.60977692 -1.00000000 0.00000000
1929380 0.54000000 0.00000190 0.00000010 2.32647617 0.00128196 1067675.27529999 518.45378786 0.35550000 0.59929597 -1.00000000 0.00000000
1887437 0.55000000 0.00000187 0.00000011 2.30242018 0.00126901 1051405.32450000 508.70742527 0.34430000 0.58889064 -1.00000000 0.00000000
1845494 0.56000000 0.00000184 0.00000012 2.27827884 0.00125826 1035021.77560000 500.23613211 0.33390000 0.58107190 -1.00000000 0.00000000
1803551 0.57000000 0.00000181 0.00000013 2.25437727 0.00124784 1018354.39040000 492.74132239 0.32260000 0.57093068 -1.00000000 0.00000000
1761608 0.58000000 0.00000178 0.00000013 2.23213918 0.00124325 1000578.10990000 485.27296443 0.31260000 0.56241699 -1.00000000 0.00000000
1719665 0.59000000 0.00000175 0.00000012 2.20903945 0.00123263 983057.87170000 476.68135096 0.30470000 0.55415577 -1.00000000 0.00000000
1677722 0.60000000 0.00000173 0.00000010 2.18294368 0.00122724 966923.93970000 470.08077376 0.29290000 0.54234583 -1.00000000 0.00000000
1635779 0.61000000 0.00000171 0.00000009 2.15504312 0.00121524 951430.36090000 461.57474603 0.28200000 0.53188748 -1.00000000 0.00000000
1593836 0.62000000 0.00000169 0.00000008 2.12605196 0.00120411 936164.34910000 454.29529455 0.27050000 0.52091927 -1.00000000 0.00000000
1551892 0.63000000 0.00000168 0.00000008 2.09544822 0.00119224 921515.14680000 446.07664867 0.25780000 0.51006389 -1.00000000 0.00000000
1509949 0.64000000 0.00000166 0.00000008 2.06366432 0.00118684 907369.04780000 439.80002970 0.24490000 0.49714053 -1.00000000 0.00000000
1468006 0.65000000 0.00000165 0.00000010 2.03173408 0.00118577 893113.90800000 433.72682236 0.22990000 0.47923789 -1.00000000 0.00000000
1426063 0.66000000 0.00000162 0.00000011 2.00065154 0.00117542 878125.14740000 424.42505903 0.21720000 0.46652537 -1.00000000 0.00000000
1384120 0.67000000 0.00000159 0.00000012 1.97064650 0.00116733 862226.60930000 415.94127250 0.20610000 0.45502032 -1.00000000 0.00000000
1342177 0.68000000 0.00000156 0.00000012 1.94175114 0.00116078 845390.47370000 407.06142461 0.19530000 0.44472203 -1.00000000 0.00000000
1300234 0.69000000 0.00000153 0.00000012 1.91393199 0.00115089 827642.00450000 397.59723872 0.18350000 0.43109898 -1.00000000 0.00000000
1258291 0.70000000 0.00000150 0.00000011 1.88718799 0.00114849 809000.06650000 391.69056489 0.17410000 0.41833801 -1.00000000 0.00000000
1216348 0.71000000 0.00000148 0.00000010 1.86158237 0.00114053 789450.43010000 384.41283048 0.16400000 0.40684217 -1.00000000 0.00000000
1174405 0.72000000 0.00000147 0.00000009 1.83705461 0.00113255 769034.71410000 374.51143406 0.15460000 0.39511321 -1.00000000 0.00000000
1132462 0.73000000 0.00000145 0.00000007 1.81364091 0.00113005 747756.60820000 366.37394569 0.14590000 0.38474406 -1.00000000 0.00000000
1090519 0.74000000 0.00000144 0.00000006 1.79132657 0.00111805 725644.99130000 355.55541001 0.13720000 0.37281371 -1.00000000 0.00000000
1048576 0.75000000 0.00000143 0.00000007 1.76328081 0.00111555 705511.67360000 348.20217997 0.12620000 0.35705225 -1.00000000 0.00000000
1006633 0.76000000 0.00000141 0.00000009 1.72910626 0.00110847 687340.73400000 339.25055923 0.11330000 0.33981562 -1.00000000 0.00000000
964690 0.77000000 0.00000137 0.00000011 1.69603205 0.00110536 668111.17420000 332.70973480 0.10360000 0.32446505 -1.00000000 0.00000000
922747 0.78000000 0.00000133 0.00000012 1.66427415 0.00110101 647747.21130000 324.90858316 0.09330000 0.30757856 -1.00000000 0.00000000
880804 0.79000000 0.00000129 0.00000012 1.63407356 0.00109177 626147.23730000 313.98933249 0.08340000 0.29026344 -1.00000000 0.00000000
838861 0.80000000 0.00000125 0.00000011 1.60323681 0.00107803 604185.46320000 302.96849215 0.07340000 0.27389769 -1.00000000 0.00000000
796918 0.81000000 0.00000123 0.00000009 1.57210205 0.00107385 581676.53310000 293.43075140 0.06420000 0.25550908 -1.00000000 0.00000000
754975 0.82000000 0.00000122 0.00000007 1.54067173 0.00106266 558651.16360000 281.62675654 0.05730000 0.24170758 -1.00000000 0.00000000
713032 0.83000000 0.00000121 0.00000006 1.50965164 0.00106764 534812.72120000 272.56247046 0.04800000 0.21931897 -1.00000000 0.00000000
671089 0.84000000 0.00000120 0.00000005 1.48096139 0.00106279 509482.92000000 260.83840566 0.04050000 0.20015933 -1.00000000 0.00000000
629146 0.85000000 0.00000119 0.00000005 1.45478218 0.00106462 482672.99980000 249.29901203 0.03310000 0.18168019 -1.00000000 0.00000000
587203 0.86000000 0.00000117 0.00000008 1.43138231 0.00106581 454410.65330000 237.23999406 0.02730000 0.16418711 -1.00000000 0.00000000
545260 0.87000000 0.00000113 0.00000011 1.41101057 0.00107065 424750.20870000 226.08597354 0.02250000 0.14965290 -1.00000000 0.00000000
503316 0.88000000 0.00000107 0.00000012 1.37344024 0.00107429 398429.43260000 213.95650632 0.01640000 0.12701438 -1.00000000 0.00000000
461373 0.89000000 0.00000103 0.00000011 1.33811286 0.00107513 370452.77920000 200.40852977 0.01120000 0.10524100 -1.00000000 0.00000000
419430 0.90000000 0.00000099 0.00000009 1.30466673 0.00108563 340973.05650000 186.76663483 0.00830000 0.09073000 -1.00000000 0.00000000
377487 0.91000000 0.00000097 0.00000006 1.27224776 0.00108926 310221.58960000 171.32212145 0.00530000 0.07261155 -1.00000000 0.00000000
335544 0.92000000 0.00000096 0.00000004 1.24341720 0.00110158 277805.00490000 155.33285263 0.00350000 0.05906013 -1.00000000 0.00000000
293601 0.93000000 0.00000096 0.00000003 1.22090802 0.00113206 243504.94590000 140.68246134 0.00220000 0.04685488 -1.00000000 0.00000000
251658 0.94000000 0.00000092 0.00000008 1.18675779 0.00115131 209721.67340000 123.42943496 0.00100000 0.03160854 -1.00000000 0.00000000
209715 0.95000000 0.00000082 0.00000012 1.15003497 0.00116859 174885.47660000 104.03099393 0.00050000 0.02235621 -1.00000000 0.00000000
167772 0.96000000 0.00000075 0.00000009 1.11956618 0.00119059 138163.12470000 83.65302106 0.00020000 0.01414143 -1.00000000 0.00000000
125829 0.97000000 0.00000072 0.00000004 1.08612909 0.00121194 100389.96720000 61.57627537 0.00000000 0.00000000 -1.00000000 0.00000000
83886 0.98000000 0.00000072 0.00000001 1.05373791 0.00126174 61232.41940000 39.02577360 0.00000000 0.00000000 -1.00000000 0.00000000
41943 0.99000000 0.00000055 0.00000011 1.01677652 0.00123782 20794.84180000 12.99093720 0.00000000 0.00000000 -1.00000000 0.00000000
0 1.00000000 0.00000000 0.00000000 0.00000000 0.00000000 0.00000000 0.00000000 0.00000000 0.00000000 -1.00000000 0.00000000
