# Node Removal Percolation Results (Averaged)
# N=4096 Strategy=ci
# M_graphs=10000 M_realizations=1 Total_runs=10000
# Columns:
#(1) nodes_remaining (2) frac_removed
#(3) gc_mean (4) gc_std
#(5) small_mean (6) small_std
#(7) comp_mean (8) comp_std
#(9) cycles_mean (10) cycles_std
#(11) lambda1_mean (12) lambda1_std
4096 0.00000000 0.97462688 0.00220987 1.08759971 0.05551711 81.51160000 8.52120452 3985.32150000 9.87555013 -1.00000000 0.00000000
4055 0.01000000 0.96309031 0.00228024 1.09506045 0.05619369 87.22850000 8.75550990 3658.47710000 12.51659467 -1.00000000 0.00000000
4014 0.02000000 0.95144490 0.00237520 1.10294682 0.05746045 93.31580000 9.06735309 3365.12390000 14.45084189 -1.00000000 0.00000000
3973 0.03000000 0.93966313 0.00247301 1.11158806 0.05885068 99.86300000 9.37782626 3094.26390000 16.21504084 -1.00000000 0.00000000
3932 0.04000000 0.92781838 0.00257161 1.12071479 0.05989649 106.58810000 9.69080129 2840.64110000 17.46740398 -1.00000000 0.00000000
3891 0.05000000 0.91571174 0.00267966 1.13149548 0.06141140 114.19270000 10.00939486 2600.22250000 18.45697862 -1.00000000 0.00000000
3850 0.06000000 0.90343518 0.00278370 1.14312456 0.06358521 122.35620000 10.31335824 2374.20510000 19.49415903 -1.00000000 0.00000000
3809 0.07000000 0.89113071 0.00289292 1.15526528 0.06532311 130.51920000 10.64233796 2160.74180000 20.22913875 -1.00000000 0.00000000
3768 0.08000000 0.87862327 0.00301567 1.16879678 0.06750999 139.30720000 10.98733363 1956.14870000 20.62478428 -1.00000000 0.00000000
3727 0.09000000 0.86558015 0.00312726 1.18619302 0.07060329 149.82450000 11.25896870 1760.33650000 20.95067447 -1.00000000 0.00000000
3686 0.10000000 0.85212681 0.00327282 1.20598872 0.07516830 161.59770000 11.64390883 1575.92800000 21.27451237 -1.00000000 0.00000000
3645 0.11000000 0.83866907 0.00345827 1.22650872 0.07764937 173.18680000 12.11933965 1402.51420000 21.57957289 -1.00000000 0.00000000
3604 0.12000000 0.82549739 0.00360316 1.24780690 0.08113713 184.45140000 12.50030655 1241.28830000 21.70332893 -1.00000000 0.00000000
3564 0.13000000 0.81156487 0.00377737 1.27276451 0.08587017 197.20990000 12.89877823 1082.52760000 21.56843893 -1.00000000 0.00000000
3523 0.14000000 0.79664075 0.00396027 1.30596044 0.09312914 212.80850000 13.29635691 931.03460000 21.25600585 -1.00000000 0.00000000
3482 0.15000000 0.78053645 0.00424292 1.35465542 0.10751388 231.40510000 13.81557386 789.33970000 20.84951256 -1.00000000 0.00000000
3441 0.16000000 0.76392458 0.00453833 1.41153736 0.12243465 250.81250000 14.32791236 658.11190000 20.48698001 -1.00000000 0.00000000
3400 0.17000000 0.74712271 0.00488493 1.47957463 0.14547101 269.89280000 14.88835365 535.68110000 20.06838501 -1.00000000 0.00000000
3359 0.18000000 0.72946978 0.00530150 1.57537678 0.18875981 290.20810000 15.40869031 420.61230000 19.49117183 -1.00000000 0.00000000
3318 0.19000000 0.70982129 0.00591823 1.74232327 0.28010717 313.64290000 15.95248657 313.07970000 18.60013291 -1.00000000 0.00000000
3277 0.20000000 0.68548843 0.00719173 2.12681734 0.51181400 343.16050000 16.59363958 215.27140000 17.35030966 -1.00000000 0.00000000
3236 0.21000000 0.65227358 0.01020287 3.12985950 1.05791923 379.16350000 17.27864066 129.98600000 15.41618532 -1.00000000 0.00000000
3195 0.22000000 0.59507000 0.02005137 6.53353834 3.14022892 422.87850000 18.27584576 60.67260000 12.64699189 -1.00000000 0.00000000
3154 0.23000000 0.43340325 0.07590108 27.90655359 30.10140141 481.43510000 20.63790639 14.99700000 6.85862195 -1.00000000 0.00000000
3113 0.24000000 0.09413342 0.05543916 46.15229162 16.91756734 567.86150000 23.27759228 3.14790000 1.82251413 -1.00000000 0.00000000
3072 0.25000000 0.02453550 0.00914735 19.67973465 3.09471785 658.78340000 23.14671168 2.17630000 1.46963747 -1.00000000 0.00000000
3031 0.26000000 0.01226812 0.00312022 11.96265550 1.08638146 747.55570000 23.21158709 1.82290000 1.34763393 -1.00000000 0.00000000
2990 0.27000000 0.00775178 0.00157897 8.68801841 0.53549253 825.95950000 22.92504778 1.60500000 1.26156021 -1.00000000 0.00000000
2949 0.28000000 0.00534775 0.00094619 6.87954390 0.30403635 897.50410000 20.98655347 1.45080000 1.20030139 -1.00000000 0.00000000
2908 0.29000000 0.00391807 0.00064488 5.84527404 0.21174309 961.66580000 21.87423961 1.33720000 1.14875068 -1.00000000 0.00000000
2867 0.30000000 0.00294656 0.00034650 5.17190835 0.14439939 1015.13670000 20.55198899 1.25650000 1.11266866 -1.00000000 0.00000000
2826 0.31000000 0.00266631 0.00020121 4.69390656 0.12503732 1066.74100000 21.23304979 1.18290000 1.08211122 -1.00000000 0.00000000
2785 0.32000000 0.00256836 0.00022095 4.28101283 0.11024838 1119.25250000 21.08066847 1.10160000 1.04306579 -1.00000000 0.00000000
2744 0.33000000 0.00253735 0.00023211 3.97704935 0.09084081 1163.27660000 19.92935047 1.03210000 1.01161847 -1.00000000 0.00000000
2703 0.34000000 0.00252246 0.00023754 3.74154890 0.07784251 1199.24880000 18.56951753 0.97290000 0.98410489 -1.00000000 0.00000000
2662 0.35000000 0.00250012 0.00023710 3.67724691 0.07620303 1194.45110000 19.41309083 0.94640000 0.97140177 -1.00000000 0.00000000
2621 0.36000000 0.00247529 0.00023473 3.64750654 0.07622629 1180.11680000 19.35088637 0.93050000 0.96268501 -1.00000000 0.00000000
2580 0.37000000 0.00245176 0.00023278 3.62105151 0.07628967 1165.22460000 19.30154423 0.91770000 0.95614755 -1.00000000 0.00000000
2540 0.38000000 0.00242769 0.00023042 3.58933857 0.07634239 1151.36060000 19.29508221 0.89730000 0.94214727 -1.00000000 0.00000000
2499 0.39000000 0.00240347 0.00022915 3.55907030 0.07616701 1136.93690000 19.21083611 0.88060000 0.93125204 -1.00000000 0.00000000
2458 0.40000000 0.00237998 0.00022540 3.53066602 0.07603090 1121.83140000 19.09078887 0.86330000 0.92395805 -1.00000000 0.00000000
2417 0.41000000 0.00235613 0.00022277 3.50253066 0.07600104 1106.56920000 19.01680770 0.84690000 0.91298617 -1.00000000 0.00000000
2376 0.42000000 0.00233254 0.00022102 3.47569219 0.07593836 1090.82600000 18.96719535 0.83190000 0.90693144 -1.00000000 0.00000000
2335 0.43000000 0.00230740 0.00021843 3.45114388 0.07586830 1074.23340000 18.87565505 0.82060000 0.90138609 -1.00000000 0.00000000
2294 0.44000000 0.00228274 0.00021664 3.42855956 0.07572210 1056.95750000 18.74999867 0.80850000 0.89482279 -1.00000000 0.00000000
2253 0.45000000 0.00225874 0.00021508 3.40726361 0.07577942 1039.17730000 18.69060188 0.79410000 0.88621878 -1.00000000 0.00000000
2212 0.46000000 0.00223513 0.00021327 3.38719138 0.07560426 1020.94580000 18.49012306 0.78370000 0.88135804 -1.00000000 0.00000000
2171 0.47000000 0.00221084 0.00020970 3.36891901 0.07542734 1002.05010000 18.32805996 0.77420000 0.87515196 -1.00000000 0.00000000
2130 0.48000000 0.00218582 0.00020658 3.35208791 0.07536096 982.62880000 18.18850991 0.76710000 0.87162696 -1.00000000 0.00000000
2089 0.49000000 0.00215991 0.00020415 3.33540312 0.07502068 963.04430000 17.97897833 0.75710000 0.86531755 -1.00000000 0.00000000
2048 0.50000000 0.00213354 0.00020149 3.30597836 0.07472411 947.36340000 17.87941016 0.74090000 0.85594419 -1.00000000 0.00000000
2007 0.51000000 0.00210540 0.00019891 3.26312563 0.07457319 935.74250000 17.90223011 0.71370000 0.83976356 -1.00000000 0.00000000
1966 0.52000000 0.00207791 0.00019622 3.22113798 0.07433710 923.77530000 17.89554232 0.68530000 0.82494361 -1.00000000 0.00000000
1925 0.53000000 0.00204890 0.00019422 3.18196744 0.07404111 910.87690000 17.78882769 0.66280000 0.81102524 -1.00000000 0.00000000
1884 0.54000000 0.00202107 0.00019337 3.14145130 0.07352756 898.30950000 17.62609366 0.63760000 0.79707576 -1.00000000 0.00000000
1843 0.55000000 0.00199326 0.00019243 3.10416719 0.07315639 884.62130000 17.55828339 0.61450000 0.77919860 -1.00000000 0.00000000
1802 0.56000000 0.00196421 0.00019084 3.07097324 0.07284118 869.45130000 17.40339381 0.59680000 0.76817236 -1.00000000 0.00000000
1761 0.57000000 0.00193557 0.00018784 3.03027951 0.07277486 856.55550000 17.36287611 0.57310000 0.75466108 -1.00000000 0.00000000
1720 0.58000000 0.00190649 0.00018548 2.98500679 0.07243046 845.00360000 17.24249742 0.54930000 0.73947562 -1.00000000 0.00000000
1679 0.59000000 0.00187756 0.00018201 2.94048342 0.07193968 832.94840000 17.09361742 0.52570000 0.72193603 -1.00000000 0.00000000
1638 0.60000000 0.00185090 0.00018004 2.89252129 0.07113824 821.83770000 16.90484357 0.49590000 0.70330125 -1.00000000 0.00000000
1597 0.61000000 0.00182295 0.00017581 2.84493617 0.07032216 810.42320000 16.68915080 0.47270000 0.68738778 -1.00000000 0.00000000
1556 0.62000000 0.00179397 0.00017435 2.79744063 0.06971146 799.35100000 16.53270492 0.44710000 0.66966143 -1.00000000 0.00000000
1516 0.63000000 0.00176516 0.00017377 2.73818243 0.06912497 791.27440000 16.40645062 0.41350000 0.64680722 -1.00000000 0.00000000
1475 0.64000000 0.00173662 0.00017504 2.67760329 0.06851431 783.22620000 16.28385550 0.37910000 0.61694510 -1.00000000 0.00000000
1434 0.65000000 0.00170764 0.00017468 2.61957261 0.06768087 774.13360000 16.02425127 0.34820000 0.59143194 -1.00000000 0.00000000
1393 0.66000000 0.00167939 0.00017349 2.56318844 0.06674259 764.24100000 15.73039934 0.32190000 0.56913336 -1.00000000 0.00000000
1352 0.67000000 0.00165239 0.00017123 2.51021568 0.06573153 753.09920000 15.40412568 0.29350000 0.54183679 -1.00000000 0.00000000
1311 0.68000000 0.00162314 0.00016855 2.46240291 0.06506589 740.08360000 15.21783064 0.27110000 0.52003061 -1.00000000 0.00000000
1270 0.69000000 0.00159597 0.00016455 2.41498441 0.06472442 726.59640000 15.04990887 0.25150000 0.50107171 -1.00000000 0.00000000
1229 0.70000000 0.00156836 0.00016199 2.37000804 0.06440392 712.18450000 14.86520626 0.23170000 0.48170355 -1.00000000 0.00000000
1188 0.71000000 0.00154185 0.00015803 2.32787142 0.06378829 696.62920000 14.58532758 0.21250000 0.46148136 -1.00000000 0.00000000
1147 0.72000000 0.00151509 0.00015562 2.29153788 0.06354822 679.21800000 14.32496410 0.19640000 0.44367412 -1.00000000 0.00000000
1106 0.73000000 0.00148779 0.00015495 2.25925008 0.06297486 660.44960000 14.00146649 0.18310000 0.42964270 -1.00000000 0.00000000
1065 0.74000000 0.00145781 0.00015414 2.23070939 0.06240905 640.31860000 13.66427332 0.17190000 0.41685461 -1.00000000 0.00000000
1024 0.75000000 0.00142573 0.00015382 2.18691926 0.06219306 623.59390000 13.44575999 0.15840000 0.40239984 -1.00000000 0.00000000
983 0.76000000 0.00139319 0.00015425 2.12569431 0.06157573 610.60590000 13.14746633 0.13870000 0.37639936 -1.00000000 0.00000000
942 0.77000000 0.00135984 0.00015187 2.06760772 0.06161999 596.26180000 12.94882342 0.12020000 0.34722329 -1.00000000 0.00000000
901 0.78000000 0.00132903 0.00014597 2.01447685 0.06100411 580.12340000 12.64665830 0.10330000 0.32193085 -1.00000000 0.00000000
860 0.79000000 0.00129812 0.00013905 1.95614952 0.06025314 564.56200000 12.26796667 0.08850000 0.29946071 -1.00000000 0.00000000
819 0.80000000 0.00126741 0.00013508 1.89946022 0.05951833 547.88940000 11.88901604 0.07330000 0.27006370 -1.00000000 0.00000000
778 0.81000000 0.00123777 0.00013660 1.84322420 0.05896451 530.37570000 11.55771204 0.06110000 0.24611552 -1.00000000 0.00000000
737 0.82000000 0.00120374 0.00014145 1.78420008 0.05776517 512.66580000 11.09297146 0.04890000 0.22116438 -1.00000000 0.00000000
696 0.83000000 0.00117009 0.00014611 1.72841027 0.05681548 493.43720000 10.66724122 0.03830000 0.19451708 -1.00000000 0.00000000
655 0.84000000 0.00113521 0.00014612 1.67936732 0.05690885 472.09010000 10.31966237 0.02960000 0.17007861 -1.00000000 0.00000000
614 0.85000000 0.00110098 0.00014129 1.63338684 0.05652220 449.32470000 9.89030089 0.02280000 0.14994135 -1.00000000 0.00000000
573 0.86000000 0.00107192 0.00013226 1.59553063 0.05648885 424.29070000 9.43395429 0.01800000 0.13370784 -1.00000000 0.00000000
532 0.87000000 0.00104458 0.00012367 1.56594909 0.05643719 397.97950000 8.92335376 0.01500000 0.12237850 -1.00000000 0.00000000
492 0.88000000 0.00100947 0.00011821 1.50373564 0.05509243 375.09990000 8.33884126 0.01040000 0.10145378 -1.00000000 0.00000000
451 0.89000000 0.00097097 0.00012372 1.44387221 0.05309305 350.70590000 7.66479485 0.00620000 0.07849953 -1.00000000 0.00000000
410 0.90000000 0.00092280 0.00013290 1.38644241 0.05185439 324.79750000 7.09145420 0.00320000 0.05648078 -1.00000000 0.00000000
369 0.91000000 0.00087561 0.00013618 1.33366595 0.05013901 297.03620000 6.40975803 0.00220000 0.04685488 -1.00000000 0.00000000
328 0.92000000 0.00083208 0.00012854 1.28841200 0.04905798 267.12780000 5.73220315 0.00140000 0.03739224 -1.00000000 0.00000000
287 0.93000000 0.00079719 0.00011697 1.25299076 0.04986435 234.99300000 5.15152451 0.00100000 0.03160854 -1.00000000 0.00000000
246 0.94000000 0.00075457 0.00010926 1.20429472 0.04867554 203.02680000 4.45774258 0.00030000 0.01731878 -1.00000000 0.00000000
205 0.95000000 0.00069360 0.00012438 1.15240205 0.04513747 169.99100000 3.68191182 0.00010000 0.01000000 -1.00000000 0.00000000
164 0.96000000 0.00062031 0.00013228 1.11128348 0.04230805 134.80280000 2.93393472 0.00000000 0.00000000 -1.00000000 0.00000000
123 0.97000000 0.00054651 0.00011226 1.07073477 0.04040260 98.23640000 2.13348781 0.00000000 0.00000000 -1.00000000 0.00000000
82 0.98000000 0.00046448 0.00011446 1.02969042 0.03572799 60.21140000 1.31388077 0.00000000 0.00000000 -1.00000000 0.00000000
41 0.99000000 0.00028643 0.00009374 1.00127602 0.01153097 20.81470000 0.42447842 0.00000000 0.00000000 -1.00000000 0.00000000
0 1.00000000 0.00000000 0.00000000 0.00000000 0.00000000 0.00000000 0.00000000 0.00000000 0.00000000 -1.00000000 0.00000000
