# Node Removal Percolation Results (Averaged)
# N=32768 Strategy=ci
# M_graphs=10000 M_realizations=1 Total_runs=10000
# Columns:
#(1) nodes_remaining (2) frac_removed
#(3) gc_mean (4) gc_std
#(5) small_mean (6) small_std
#(7) comp_mean (8) comp_std
#(9) cycles_mean (10) cycles_std
#(11) lambda1_mean (12) lambda1_std
32768 0.00000000 0.97445036 0.00078709 1.09038185 0.01997979 647.22160000 24.20800066 31842.97340000 28.25103723 -1.00000000 0.00000000
32440 0.01000000 0.96293629 0.00081679 1.09930068 0.02061213 691.77210000 24.89665732 29232.01140000 35.71897051 -1.00000000 0.00000000
32113 0.02000000 0.95134660 0.00084474 1.10915797 0.02123077 738.07250000 25.62698808 26889.97360000 41.54483723 -1.00000000 0.00000000
31785 0.03000000 0.93962841 0.00088201 1.11976483 0.02203522 788.68740000 26.55234046 24737.39580000 47.61295246 -1.00000000 0.00000000
31457 0.04000000 0.92789240 0.00092061 1.13129939 0.02277813 838.16370000 27.50459512 22723.26040000 50.84399181 -1.00000000 0.00000000
31130 0.05000000 0.91576064 0.00094635 1.14563921 0.02360767 898.38450000 28.09914262 20807.50120000 52.94235061 -1.00000000 0.00000000
30802 0.06000000 0.90344297 0.00097650 1.16133830 0.02500313 964.02880000 28.62425380 19012.59370000 55.34478047 -1.00000000 0.00000000
30474 0.07000000 0.89141654 0.00103090 1.17742414 0.02620261 1019.04580000 29.95034231 17335.50670000 58.52494402 -1.00000000 0.00000000
30147 0.08000000 0.87859704 0.00106479 1.19868397 0.02749121 1095.19330000 30.52497850 15703.46630000 59.52646306 -1.00000000 0.00000000
29819 0.09000000 0.86565450 0.00114646 1.22324974 0.02935235 1173.47580000 32.35889869 14169.48790000 61.45551994 -1.00000000 0.00000000
29491 0.10000000 0.85208659 0.00121852 1.25263650 0.03130931 1265.93990000 33.75772277 12708.20590000 62.20520922 -1.00000000 0.00000000
29164 0.11000000 0.83889835 0.00124854 1.28386356 0.03389138 1344.97800000 33.88647437 11363.34060000 62.79807761 -1.00000000 0.00000000
28836 0.12000000 0.82449925 0.00135379 1.32528846 0.03696826 1453.54230000 36.00171972 10053.20040000 62.43625924 -1.00000000 0.00000000
28508 0.13000000 0.80976130 0.00141900 1.37503488 0.04096910 1564.44780000 36.57054300 8814.54600000 62.12081602 -1.00000000 0.00000000
28180 0.14000000 0.79418643 0.00152089 1.43782802 0.04610166 1689.75770000 37.88556615 7640.08090000 61.97699630 -1.00000000 0.00000000
27853 0.15000000 0.77764680 0.00166810 1.51547202 0.05262326 1830.72610000 39.84643337 6542.17770000 59.86317134 -1.00000000 0.00000000
27525 0.16000000 0.76062239 0.00182366 1.61196002 0.06135078 1971.85480000 41.77574940 5542.97540000 58.56388792 -1.00000000 0.00000000
27197 0.17000000 0.74174303 0.00198290 1.74211272 0.07232909 2138.78710000 42.96878408 4597.39860000 58.19452877 -1.00000000 0.00000000
26870 0.18000000 0.72022749 0.00222648 1.91771726 0.08842332 2343.34150000 44.70342400 3714.77730000 55.89642874 -1.00000000 0.00000000
26542 0.19000000 0.69586527 0.00253776 2.16229549 0.11241055 2575.87320000 46.92804861 2906.56380000 53.45398266 -1.00000000 0.00000000
26214 0.20000000 0.66704313 0.00297611 2.51860176 0.14961858 2847.76800000 48.85306990 2168.49970000 50.66896816 -1.00000000 0.00000000
25887 0.21000000 0.63218107 0.00371012 3.06102464 0.21174893 3156.38780000 51.45037731 1517.33160000 48.16973193 -1.00000000 0.00000000
25559 0.22000000 0.59016982 0.00468075 3.90781750 0.31894863 3475.21120000 53.92470475 985.12180000 41.65555045 -1.00000000 0.00000000
25231 0.23000000 0.53420378 0.00642160 5.34684826 0.54637931 3849.20000000 57.36670022 562.59550000 34.66680629 -1.00000000 0.00000000
24904 0.24000000 0.44748015 0.00973137 8.34616411 1.20595018 4369.07220000 60.38353421 238.90610000 25.05521222 -1.00000000 0.00000000
24576 0.25000000 0.32195392 0.01827924 15.65040467 4.19083597 4950.93830000 67.62952069 63.94850000 15.08517166 -1.00000000 0.00000000
24248 0.26000000 0.10381848 0.04209575 66.28482203 42.42231450 5609.00300000 72.10009732 4.57080000 3.12972313 -1.00000000 0.00000000
23921 0.27000000 0.01215750 0.00545108 26.64989739 4.05921591 6364.57120000 70.14905573 0.83000000 0.91912158 -1.00000000 0.00000000
23593 0.28000000 0.00425764 0.00129928 12.86283427 0.89061994 7047.37300000 72.61322427 0.43580000 0.66009237 -1.00000000 0.00000000
23265 0.29000000 0.00224462 0.00054186 8.36871740 0.33929985 7692.05160000 68.98634103 0.26420000 0.51655110 -1.00000000 0.00000000
22938 0.30000000 0.00142986 0.00028914 6.24947680 0.15714906 8284.72300000 64.51724667 0.16750000 0.40873030 -1.00000000 0.00000000
22610 0.31000000 0.00105464 0.00018829 5.11775557 0.11202754 8818.07020000 67.71033260 0.11740000 0.34004235 -1.00000000 0.00000000
22282 0.32000000 0.00079568 0.00012744 4.29794465 0.06528156 9328.23500000 59.92749207 0.07760000 0.27710272 -1.00000000 0.00000000
21955 0.33000000 0.00065522 0.00009879 3.78856693 0.05760486 9759.49800000 67.08040976 0.05650000 0.23646002 -1.00000000 0.00000000
21627 0.34000000 0.00050608 0.00006671 3.30420558 0.04360431 10273.74720000 65.83567366 0.03660000 0.19095572 -1.00000000 0.00000000
21299 0.35000000 0.00044479 0.00005622 3.01058695 0.03324866 10619.07240000 62.08076160 0.02710000 0.16361011 -1.00000000 0.00000000
20972 0.36000000 0.00038816 0.00004888 2.73508968 0.02932777 11021.20780000 64.49863430 0.01910000 0.13761208 -1.00000000 0.00000000
20644 0.37000000 0.00033427 0.00004055 2.48860867 0.02356548 11422.61950000 60.30575925 0.01260000 0.11154588 -1.00000000 0.00000000
20316 0.38000000 0.00028819 0.00003477 2.29214016 0.02110803 11752.77570000 60.17827625 0.00570000 0.07528663 -1.00000000 0.00000000
19988 0.39000000 0.00024059 0.00002887 2.11632513 0.01687949 12088.07220000 61.56315448 0.00250000 0.04993996 -1.00000000 0.00000000
19661 0.40000000 0.00019552 0.00002175 1.96870095 0.01524264 12437.03650000 61.99888188 0.00060000 0.02448877 -1.00000000 0.00000000
19333 0.41000000 0.00014900 0.00001357 1.83415721 0.01268464 12788.74160000 61.75917138 0.00000000 0.00000000 -1.00000000 0.00000000
19005 0.42000000 0.00014560 0.00001485 1.72800845 0.01101220 13118.41310000 60.41238626 0.00000000 0.00000000 -1.00000000 0.00000000
18678 0.43000000 0.00014518 0.00001497 1.64964798 0.00724279 13327.06310000 45.99889899 0.00000000 0.00000000 -1.00000000 0.00000000
18350 0.44000000 0.00014358 0.00001547 1.63948370 0.00725013 13150.24770000 45.65944616 0.00000000 0.00000000 -1.00000000 0.00000000
18022 0.45000000 0.00014201 0.00001577 1.62930958 0.00719773 12971.48470000 44.96774817 0.00000000 0.00000000 -1.00000000 0.00000000
17695 0.46000000 0.00014036 0.00001594 1.61921041 0.00719121 12790.85620000 44.45002702 0.00000000 0.00000000 -1.00000000 0.00000000
17367 0.47000000 0.00013872 0.00001594 1.60920657 0.00717313 12608.45830000 43.81728719 0.00000000 0.00000000 -1.00000000 0.00000000
17039 0.48000000 0.00013705 0.00001581 1.59926036 0.00716524 12423.36810000 43.36832581 0.00000000 0.00000000 -1.00000000 0.00000000
16712 0.49000000 0.00013525 0.00001555 1.58933065 0.00715489 12236.51610000 42.82505271 0.00000000 0.00000000 -1.00000000 0.00000000
16384 0.50000000 0.00013330 0.00001500 1.57870510 0.00714590 12052.53870000 42.26734147 0.00000000 0.00000000 -1.00000000 0.00000000
16056 0.51000000 0.00013185 0.00001452 1.56668196 0.00708637 11875.55510000 41.54287839 0.00000000 0.00000000 -1.00000000 0.00000000
15729 0.52000000 0.00013046 0.00001381 1.55463487 0.00706236 11696.72510000 40.99453604 0.00000000 0.00000000 -1.00000000 0.00000000
15401 0.53000000 0.00012917 0.00001305 1.54269712 0.00703000 11515.55220000 40.40396420 0.00000000 0.00000000 -1.00000000 0.00000000
15073 0.54000000 0.00012805 0.00001227 1.53060439 0.00701906 11332.87730000 39.86277648 0.00000000 0.00000000 -1.00000000 0.00000000
14746 0.55000000 0.00012711 0.00001144 1.51862564 0.00700407 11147.03600000 39.18328517 0.00000000 0.00000000 -1.00000000 0.00000000
14418 0.56000000 0.00012619 0.00001054 1.50673012 0.00695430 10959.22120000 38.48734595 0.00000000 0.00000000 -1.00000000 0.00000000
14090 0.57000000 0.00012555 0.00000980 1.49482522 0.00694950 10768.72550000 37.97141204 0.00000000 0.00000000 -1.00000000 0.00000000
13763 0.58000000 0.00012489 0.00000900 1.48300436 0.00695081 10575.43930000 37.44092544 0.00000000 0.00000000 -1.00000000 0.00000000
13435 0.59000000 0.00012425 0.00000831 1.47133905 0.00692337 10379.78730000 36.84088739 0.00000000 0.00000000 -1.00000000 0.00000000
13107 0.60000000 0.00012372 0.00000796 1.45958052 0.00687966 10181.96680000 36.05834880 0.00000000 0.00000000 -1.00000000 0.00000000
12780 0.61000000 0.00012316 0.00000780 1.44790193 0.00684307 9981.28270000 35.33529452 0.00000000 0.00000000 -1.00000000 0.00000000
12452 0.62000000 0.00012218 0.00000806 1.43625008 0.00678971 9778.30440000 34.60879249 0.00000000 0.00000000 -1.00000000 0.00000000
12124 0.63000000 0.00012103 0.00000915 1.42440454 0.00681019 9573.13610000 34.07707296 0.00000000 0.00000000 -1.00000000 0.00000000
11796 0.64000000 0.00011942 0.00001070 1.41223094 0.00676025 9367.06980000 33.28467988 0.00000000 0.00000000 -1.00000000 0.00000000
11469 0.65000000 0.00011776 0.00001204 1.39989140 0.00676454 9159.98230000 32.69006349 0.00000000 0.00000000 -1.00000000 0.00000000
11141 0.66000000 0.00011612 0.00001313 1.38786659 0.00674052 8950.16340000 32.02496933 0.00000000 0.00000000 -1.00000000 0.00000000
10813 0.67000000 0.00011422 0.00001407 1.37611228 0.00670563 8736.05380000 31.19443564 0.00000000 0.00000000 -1.00000000 0.00000000
10486 0.68000000 0.00011229 0.00001479 1.36446368 0.00673499 8518.98150000 30.64804216 0.00000000 0.00000000 -1.00000000 0.00000000
10158 0.69000000 0.00011007 0.00001533 1.35291848 0.00674585 8299.37250000 29.98571423 0.00000000 0.00000000 -1.00000000 0.00000000
9830 0.70000000 0.00010796 0.00001560 1.34134262 0.00674483 8076.25920000 29.19805247 0.00000000 0.00000000 -1.00000000 0.00000000
9503 0.71000000 0.00010586 0.00001553 1.32977509 0.00680029 7850.11270000 28.63010596 0.00000000 0.00000000 -1.00000000 0.00000000
9175 0.72000000 0.00010383 0.00001524 1.31827148 0.00678859 7621.48600000 27.78544956 0.00000000 0.00000000 -1.00000000 0.00000000
8847 0.73000000 0.00010183 0.00001464 1.30663977 0.00679988 7389.51220000 27.01136080 0.00000000 0.00000000 -1.00000000 0.00000000
8520 0.74000000 0.00009999 0.00001382 1.29497820 0.00682327 7154.53490000 26.26718825 0.00000000 0.00000000 -1.00000000 0.00000000
8192 0.75000000 0.00009816 0.00001268 1.28286413 0.00684924 6918.86700000 25.52865610 0.00000000 0.00000000 -1.00000000 0.00000000
7864 0.76000000 0.00009675 0.00001154 1.27031244 0.00686612 6680.82020000 24.74011074 0.00000000 0.00000000 -1.00000000 0.00000000
7537 0.77000000 0.00009567 0.00001049 1.25785136 0.00685886 6438.92250000 23.80892228 0.00000000 0.00000000 -1.00000000 0.00000000
7209 0.78000000 0.00009471 0.00000933 1.24546215 0.00687856 6194.12890000 23.00411276 0.00000000 0.00000000 -1.00000000 0.00000000
6881 0.79000000 0.00009393 0.00000817 1.23301001 0.00688604 5945.10290000 22.12598173 0.00000000 0.00000000 -1.00000000 0.00000000
6554 0.80000000 0.00009331 0.00000711 1.22052434 0.00692278 5692.58040000 21.28841130 0.00000000 0.00000000 -1.00000000 0.00000000
6226 0.81000000 0.00009277 0.00000604 1.20799355 0.00693947 5437.36810000 20.33441790 0.00000000 0.00000000 -1.00000000 0.00000000
5898 0.82000000 0.00009242 0.00000547 1.19521014 0.00691273 5178.31290000 19.26615457 0.00000000 0.00000000 -1.00000000 0.00000000
5571 0.83000000 0.00009193 0.00000553 1.18256767 0.00699629 4915.23020000 18.43799349 0.00000000 0.00000000 -1.00000000 0.00000000
5243 0.84000000 0.00009125 0.00000641 1.17032924 0.00707590 4648.24520000 17.56470122 0.00000000 0.00000000 -1.00000000 0.00000000
4915 0.85000000 0.00009007 0.00000814 1.15810681 0.00712884 4376.48220000 16.62026794 0.00000000 0.00000000 -1.00000000 0.00000000
4588 0.86000000 0.00008824 0.00001029 1.14581909 0.00714682 4101.01140000 15.58112150 0.00000000 0.00000000 -1.00000000 0.00000000
4260 0.87000000 0.00008547 0.00001260 1.13329235 0.00710557 3823.10180000 14.40629692 0.00000000 0.00000000 -1.00000000 0.00000000
3932 0.88000000 0.00008236 0.00001423 1.12114637 0.00714676 3539.63850000 13.38389818 0.00000000 0.00000000 -1.00000000 0.00000000
3604 0.89000000 0.00007878 0.00001518 1.10921472 0.00711667 3251.93180000 12.20725401 0.00000000 0.00000000 -1.00000000 0.00000000
3277 0.90000000 0.00007512 0.00001528 1.09724608 0.00717467 2960.44120000 11.15794751 0.00000000 0.00000000 -1.00000000 0.00000000
2949 0.91000000 0.00007127 0.00001446 1.08540096 0.00714480 2665.86680000 9.95959724 0.00000000 0.00000000 -1.00000000 0.00000000
2621 0.92000000 0.00006813 0.00001292 1.07432146 0.00723148 2365.53750000 8.90557829 0.00000000 0.00000000 -1.00000000 0.00000000
2294 0.93000000 0.00006546 0.00001076 1.06322281 0.00728713 2061.60120000 7.77789227 0.00000000 0.00000000 -1.00000000 0.00000000
1966 0.94000000 0.00006351 0.00000835 1.05323454 0.00730695 1753.98640000 6.59582940 0.00000000 0.00000000 -1.00000000 0.00000000
1638 0.95000000 0.00006232 0.00000614 1.04375512 0.00746336 1441.73390000 5.50766050 0.00000000 0.00000000 -1.00000000 0.00000000
1311 0.96000000 0.00006158 0.00000406 1.03378885 0.00762876 1126.63870000 4.37322248 0.00000000 0.00000000 -1.00000000 0.00000000
983 0.97000000 0.00006122 0.00000242 1.02369383 0.00776227 809.30320000 3.17711806 0.00000000 0.00000000 -1.00000000 0.00000000
655 0.98000000 0.00006046 0.00000435 1.01195554 0.00778648 488.08980000 1.94373706 0.00000000 0.00000000 -1.00000000 0.00000000
328 0.99000000 0.00004162 0.00001470 1.00104816 0.00394489 163.55130000 0.66499062 0.00000000 0.00000000 -1.00000000 0.00000000
0 1.00000000 0.00000000 0.00000000 0.00000000 0.00000000 0.00000000 0.00000000 0.00000000 0.00000000 -1.00000000 0.00000000
