# Node Removal Percolation Results (Averaged)
# N=8388608 Strategy=ci
# M_graphs=10000 M_realizations=1 Total_runs=10000
# Columns:
#(1) nodes_remaining (2) frac_removed
#(3) gc_mean (4) gc_std
#(5) small_mean (6) small_std
#(7) comp_mean (8) comp_std
#(9) cycles_mean (10) cycles_std
#(11) lambda1_mean (12) lambda1_std
8388608 0.00000000 0.97396788 0.00004963 1.09185205 0.00124389 169010.28440000 389.68298320 8148546.18149998 450.70096105 -1.00000000 0.00000000
8304722 0.01000000 0.96170517 0.00005275 1.10274220 0.00126548 186308.91760000 410.97967473 7488149.70169999 575.47438066 -1.00000000 0.00000000
8220836 0.02000000 0.94936510 0.00005558 1.11425531 0.00130074 204017.38270000 429.67379138 6899766.24010000 757.31539435 -1.00000000 0.00000000
8136950 0.03000000 0.93696186 0.00005816 1.12630892 0.00133170 222013.79020000 446.52611250 6376470.51990002 770.62785749 -1.00000000 0.00000000
8053064 0.04000000 0.92430190 0.00006060 1.13997059 0.00138159 241706.02600000 462.33387004 5868293.34479996 788.01684155 -1.00000000 0.00000000
7969178 0.05000000 0.91150007 0.00006403 1.15472853 0.00143795 262191.41690000 485.39216274 5402934.60930000 1010.19163270 -1.00000000 0.00000000
7885292 0.06000000 0.89866101 0.00006682 1.17006799 0.00149463 282681.42120000 501.03220327 4994205.10309999 1018.34086301 -1.00000000 0.00000000
7801405 0.07000000 0.88553666 0.00006951 1.18740895 0.00156255 304918.35110000 515.85132828 4597501.86890001 1025.03844625 -1.00000000 0.00000000
7717519 0.08000000 0.87208917 0.00007276 1.20710836 0.00162815 329079.58690000 533.90197975 4212998.98220001 1025.59649351 -1.00000000 0.00000000
7633633 0.09000000 0.85827185 0.00007618 1.22964361 0.00171421 355372.44910000 550.45879092 3840903.26510000 1033.90295345 -1.00000000 0.00000000
7549747 0.10000000 0.84403171 0.00007975 1.25558136 0.00179918 384017.34900000 568.40132829 3481436.59990000 1037.91594687 -1.00000000 0.00000000
7465861 0.11000000 0.82961349 0.00008459 1.28352490 0.00190059 413254.52910000 594.54748542 3161078.94000001 1204.13976899 -1.00000000 0.00000000
7381975 0.12000000 0.81515577 0.00008855 1.31253869 0.00199946 442147.27670000 610.02222718 2885726.85550000 1187.67694786 -1.00000000 0.00000000
7298089 0.13000000 0.80023399 0.00009319 1.34565761 0.00212288 473342.88640000 629.82117062 2620220.65490000 1178.54581855 -1.00000000 0.00000000
7214203 0.14000000 0.78478307 0.00009760 1.38359599 0.00225457 507062.03020000 649.58073725 2364791.78420000 1168.47646615 -1.00000000 0.00000000
7130317 0.15000000 0.76872342 0.00010313 1.42734473 0.00245889 543547.13350000 669.20053244 2119680.85470000 1157.71835555 -1.00000000 0.00000000
7046431 0.16000000 0.75195868 0.00010818 1.47814241 0.00267297 583077.88130000 685.16818312 1885169.00540001 1142.71702507 -1.00000000 0.00000000
6962545 0.17000000 0.73437204 0.00011559 1.53761434 0.00294037 625964.61770000 706.99835050 1661565.88150000 1125.80577256 -1.00000000 0.00000000
6878659 0.18000000 0.71581968 0.00012315 1.60781329 0.00323254 672561.66360000 727.01508962 1449219.52680000 1101.99748109 -1.00000000 0.00000000
6794772 0.19000000 0.69612231 0.00013300 1.69156845 0.00363018 723263.05420000 753.16585567 1248524.17239999 1076.91354730 -1.00000000 0.00000000
6710886 0.20000000 0.67505476 0.00014374 1.79275688 0.00411819 778516.42140000 774.26536414 1059933.08370000 1045.41317189 -1.00000000 0.00000000
6627000 0.21000000 0.65236292 0.00016270 1.91635856 0.00479973 838675.15660000 829.42406398 884503.46500000 1048.36264575 -1.00000000 0.00000000
6543114 0.22000000 0.63091888 0.00017671 2.02711089 0.00539595 891379.79140000 859.65794736 760016.29780000 1013.85541188 -1.00000000 0.00000000
6459228 0.23000000 0.60815336 0.00019140 2.15702327 0.00612029 947639.60540000 882.01811778 644346.83860000 969.17029456 -1.00000000 0.00000000
6375342 0.24000000 0.58386310 0.00020865 2.31094811 0.00696317 1007676.07800000 906.90282037 537696.18620000 920.60464632 -1.00000000 0.00000000
6291456 0.25000000 0.55780191 0.00023012 2.49558300 0.00816092 1071721.11550000 938.98458984 440290.68220000 866.04813789 -1.00000000 0.00000000
6207570 0.26000000 0.52967072 0.00025600 2.72089287 0.00983845 1139988.18010000 966.62034199 352352.40720000 811.02648291 -1.00000000 0.00000000
6123684 0.27000000 0.49910159 0.00028562 3.00057730 0.01193552 1212702.26360000 999.01737807 274100.25160000 747.24868093 -1.00000000 0.00000000
6039798 0.28000000 0.46563617 0.00032329 3.35638094 0.01504473 1290048.81090001 1033.20730682 205728.68990000 678.51771058 -1.00000000 0.00000000
5955912 0.29000000 0.42869017 0.00037437 3.82292772 0.01983020 1372191.18980000 1063.86059186 147394.27130000 601.22734629 -1.00000000 0.00000000
5872026 0.30000000 0.38752277 0.00043854 4.45851140 0.02760731 1459219.27080000 1101.87332173 99189.88110000 520.13939830 -1.00000000 0.00000000
5788140 0.31000000 0.34115021 0.00052586 5.37403295 0.04094145 1551120.67210000 1143.30108970 61099.19700000 428.86401950 -1.00000000 0.00000000
5704253 0.32000000 0.28826969 0.00065868 6.79820941 0.06847025 1647703.25600000 1184.74307015 32933.80890000 331.18617122 -1.00000000 0.00000000
5620367 0.33000000 0.22708615 0.00086323 9.30840737 0.13944171 1748478.16960000 1226.60406342 14200.06510000 226.64340181 -1.00000000 0.00000000
5536481 0.34000000 0.15503652 0.00121578 14.87132961 0.40843709 1852473.89450000 1254.76882877 3926.30390000 126.45377575 -1.00000000 0.00000000
5452595 0.35000000 0.06830239 0.00219165 37.52517552 3.78375828 1957856.36540000 1272.64545712 289.96640000 36.28377492 -1.00000000 0.00000000
5368709 0.36000000 0.00079207 0.00031581 64.24998938 6.32398686 2061348.28830000 1268.17841845 1.32900000 1.15537548 -1.00000000 0.00000000
5284823 0.37000000 0.00015341 0.00003712 20.66482185 0.48638620 2146071.87280001 1267.78476953 0.73170000 0.85544625 -1.00000000 0.00000000
5200937 0.38000000 0.00008267 0.00001717 13.75841725 0.18550225 2204673.61369999 1249.25710629 0.54930000 0.73988124 -1.00000000 0.00000000
5117051 0.39000000 0.00005257 0.00000991 10.27631961 0.09309887 2259915.21910000 1233.96113160 0.42660000 0.65257569 -1.00000000 0.00000000
5033165 0.40000000 0.00003650 0.00000637 8.18170643 0.05455104 2311798.86610001 1215.71111680 0.34380000 0.58415382 -1.00000000 0.00000000
4949279 0.41000000 0.00002707 0.00000442 6.78510812 0.03506861 2360328.91240000 1196.77726220 0.27710000 0.52511253 -1.00000000 0.00000000
4865393 0.42000000 0.00002080 0.00000326 5.78829807 0.02413504 2405503.60519999 1178.87760627 0.22710000 0.47806741 -1.00000000 0.00000000
4781507 0.43000000 0.00001652 0.00000252 5.04142703 0.01730799 2447324.30989999 1158.45383533 0.18720000 0.43171147 -1.00000000 0.00000000
4697620 0.44000000 0.00001344 0.00000196 4.46121012 0.01297827 2485783.05700000 1139.71869934 0.15470000 0.39393328 -1.00000000 0.00000000
4613734 0.45000000 0.00001112 0.00000156 3.99778060 0.00995293 2520893.71089999 1115.85095145 0.13070000 0.36059744 -1.00000000 0.00000000
4529848 0.46000000 0.00000935 0.00000128 3.61919607 0.00785198 2552642.97970000 1097.01364612 0.10730000 0.32587932 -1.00000000 0.00000000
4445962 0.47000000 0.00000796 0.00000106 3.30435874 0.00629467 2581041.60380000 1079.16933688 0.08750000 0.29266417 -1.00000000 0.00000000
4362076 0.48000000 0.00000682 0.00000089 3.03859873 0.00516445 2606084.76619999 1057.50204595 0.07230000 0.26773098 -1.00000000 0.00000000
4278190 0.49000000 0.00000591 0.00000074 2.81138655 0.00426570 2627768.73760000 1035.70451487 0.06160000 0.24700514 -1.00000000 0.00000000
4194304 0.50000000 0.00000517 0.00000064 2.61500967 0.00358285 2646099.56850000 1008.43503342 0.05070000 0.22390740 -1.00000000 0.00000000
4110418 0.51000000 0.00000453 0.00000054 2.44372213 0.00304437 2661078.66680001 984.63432687 0.04040000 0.19791856 -1.00000000 0.00000000
4026532 0.52000000 0.00000399 0.00000046 2.29315830 0.00259493 2672698.88410001 960.12950529 0.03360000 0.18131279 -1.00000000 0.00000000
3942646 0.53000000 0.00000352 0.00000040 2.15985257 0.00224685 2680965.85499999 935.55383120 0.02800000 0.16618893 -1.00000000 0.00000000
3858760 0.54000000 0.00000312 0.00000035 2.04112295 0.00194935 2685878.61710001 908.74110666 0.02180000 0.14740059 -1.00000000 0.00000000
3774874 0.55000000 0.00000276 0.00000030 1.93483901 0.00169065 2687433.06699999 882.90810540 0.01780000 0.13373462 -1.00000000 0.00000000
3690988 0.56000000 0.00000245 0.00000026 1.83924337 0.00148283 2685629.35149999 857.31832514 0.01300000 0.11415911 -1.00000000 0.00000000
3607101 0.57000000 0.00000229 0.00000024 1.78191341 0.00132623 2664083.25179999 807.20438483 0.01140000 0.10710363 -1.00000000 0.00000000
3523215 0.58000000 0.00000218 0.00000022 1.73275922 0.00125566 2637577.09520001 786.05135278 0.00920000 0.09652094 -1.00000000 0.00000000
3439329 0.59000000 0.00000207 0.00000021 1.68591936 0.00118236 2609179.78339999 766.34859973 0.00710000 0.08396603 -1.00000000 0.00000000
3355443 0.60000000 0.00000196 0.00000020 1.64124167 0.00112369 2578895.48420000 748.87187279 0.00590000 0.07658836 -1.00000000 0.00000000
3271557 0.61000000 0.00000186 0.00000019 1.59859421 0.00106364 2546726.01290000 727.31387109 0.00490000 0.06983178 -1.00000000 0.00000000
3187671 0.62000000 0.00000177 0.00000018 1.55787225 0.00100630 2512668.28540001 706.42754882 0.00420000 0.06467440 -1.00000000 0.00000000
3103785 0.63000000 0.00000168 0.00000017 1.51896642 0.00094821 2476717.48170000 682.09509017 0.00380000 0.06152998 -1.00000000 0.00000000
3019899 0.64000000 0.00000159 0.00000016 1.48177803 0.00089631 2438885.36539999 659.34195033 0.00350000 0.05906013 -1.00000000 0.00000000
2936013 0.65000000 0.00000151 0.00000015 1.44621999 0.00084894 2399163.70180001 638.00525323 0.00270000 0.05189392 -1.00000000 0.00000000
2852127 0.66000000 0.00000143 0.00000014 1.41221297 0.00080145 2357557.64950000 613.76986452 0.00230000 0.04790553 -1.00000000 0.00000000
2768241 0.67000000 0.00000135 0.00000013 1.37968844 0.00075532 2314065.95580000 588.38914591 0.00190000 0.04354974 -1.00000000 0.00000000
2684355 0.68000000 0.00000128 0.00000013 1.34859284 0.00071101 2268679.84760000 562.26182069 0.00160000 0.03996999 -1.00000000 0.00000000
2600468 0.69000000 0.00000121 0.00000012 1.31885293 0.00066992 2221411.09290001 536.63855672 0.00110000 0.03314966 -1.00000000 0.00000000
2516582 0.70000000 0.00000114 0.00000011 1.29042940 0.00063535 2172253.51030002 514.49289479 0.00090000 0.02998800 -1.00000000 0.00000000
2432696 0.71000000 0.00000107 0.00000010 1.26327311 0.00060025 2121211.40970001 489.36431765 0.00080000 0.02827437 -1.00000000 0.00000000
2348810 0.72000000 0.00000100 0.00000009 1.23735606 0.00056992 2068277.21380000 466.95462215 0.00040000 0.01999700 -1.00000000 0.00000000
2264924 0.73000000 0.00000093 0.00000009 1.21264799 0.00053703 2013456.92750000 441.18854493 0.00030000 0.01731878 -1.00000000 0.00000000
2181038 0.74000000 0.00000087 0.00000008 1.18911867 0.00050364 1956751.69280000 414.91068933 0.00020000 0.01414143 -1.00000000 0.00000000
2097152 0.75000000 0.00000079 0.00000008 1.16675926 0.00047020 1898158.02570001 387.08385478 0.00010000 0.01000000 -1.00000000 0.00000000
2013266 0.76000000 0.00000074 0.00000006 1.14859669 0.00042246 1835346.35160000 345.82563282 0.00000000 0.00000000 -1.00000000 0.00000000
1929380 0.77000000 0.00000072 0.00000006 1.13769943 0.00041138 1766143.60340000 327.28630363 0.00000000 0.00000000 -1.00000000 0.00000000
1845494 0.78000000 0.00000070 0.00000007 1.12697247 0.00040286 1696103.41890000 310.60439683 0.00000000 0.00000000 -1.00000000 0.00000000
1761608 0.79000000 0.00000067 0.00000007 1.11642694 0.00039159 1625223.45580001 291.21931000 0.00000000 0.00000000 -1.00000000 0.00000000
1677722 0.80000000 0.00000065 0.00000007 1.10606231 0.00038064 1553507.04670000 272.88292073 0.00000000 0.00000000 -1.00000000 0.00000000
1593836 0.81000000 0.00000063 0.00000006 1.09589428 0.00036903 1480950.11210000 254.46890493 0.00000000 0.00000000 -1.00000000 0.00000000
1509949 0.82000000 0.00000061 0.00000005 1.08593102 0.00035697 1407554.71490000 236.03701482 0.00000000 0.00000000 -1.00000000 0.00000000
1426063 0.83000000 0.00000060 0.00000005 1.07618881 0.00034515 1333320.40670000 218.19556142 0.00000000 0.00000000 -1.00000000 0.00000000
1342177 0.84000000 0.00000057 0.00000006 1.06668812 0.00033143 1258246.62110000 199.48324313 0.00000000 0.00000000 -1.00000000 0.00000000
1258291 0.85000000 0.00000053 0.00000006 1.05745283 0.00031843 1182333.66760000 181.38147710 0.00000000 0.00000000 -1.00000000 0.00000000
1174405 0.86000000 0.00000051 0.00000005 1.04851278 0.00030217 1105583.28620001 162.07584196 0.00000000 0.00000000 -1.00000000 0.00000000
1090519 0.87000000 0.00000049 0.00000004 1.03991247 0.00028404 1027994.90960000 142.91245721 0.00000000 0.00000000 -1.00000000 0.00000000
1006633 0.88000000 0.00000046 0.00000004 1.03171518 0.00026104 949565.86560000 122.30603588 0.00000000 0.00000000 -1.00000000 0.00000000
922747 0.89000000 0.00000040 0.00000006 1.02400935 0.00023714 870297.07560000 102.66898741 0.00000000 0.00000000 -1.00000000 0.00000000
838861 0.90000000 0.00000036 0.00000002 1.01690604 0.00021069 790190.09740000 83.54550316 0.00000000 0.00000000 -1.00000000 0.00000000
754975 0.91000000 0.00000024 0.00000000 1.01307580 0.00018918 708369.28140000 67.44566039 0.00000000 0.00000000 -1.00000000 0.00000000
671089 0.92000000 0.00000024 0.00000000 1.01070722 0.00018320 625776.80720000 57.62879433 0.00000000 0.00000000 -1.00000000 0.00000000
587203 0.93000000 0.00000024 0.00000000 1.00837802 0.00017525 542974.90960000 47.77903213 0.00000000 0.00000000 -1.00000000 0.00000000
503316 0.94000000 0.00000024 0.00000000 1.00611180 0.00016591 459963.09330000 38.27395570 0.00000000 0.00000000 -1.00000000 0.00000000
419430 0.95000000 0.00000024 0.00000000 1.00395054 0.00014606 376741.36270000 27.56769752 0.00000000 0.00000000 -1.00000000 0.00000000
335544 0.96000000 0.00000024 0.00000000 1.00198141 0.00011673 293310.12890000 17.13580603 0.00000000 0.00000000 -1.00000000 0.00000000
251658 0.97000000 0.00000024 0.00000000 1.00043643 0.00006573 209669.23730000 6.89206346 0.00000000 0.00000000 -1.00000000 0.00000000
167772 0.98000000 0.00000012 0.00000000 1.00000000 0.00000000 125830.00000000 0.00000000 0.00000000 0.00000000 -1.00000000 0.00000000
83886 0.99000000 0.00000012 0.00000000 1.00000000 0.00000000 41944.00000000 0.00000000 0.00000000 0.00000000 -1.00000000 0.00000000
0 1.00000000 0.00000000 0.00000000 0.00000000 0.00000000 0.00000000 0.00000000 0.00000000 0.00000000 -1.00000000 0.00000000
