# Node Removal Percolation Results (Averaged)
# N=4096 Strategy=ci
# M_graphs=10000 M_realizations=1 Total_runs=10000
# Columns:
#(1) nodes_remaining (2) frac_removed
#(3) gc_mean (4) gc_std
#(5) small_mean (6) small_std
#(7) comp_mean (8) comp_std
#(9) cycles_mean (10) cycles_std
#(11) lambda1_mean (12) lambda1_std
4096 0.00000000 0.97414004 0.00224952 1.09069118 0.05642428 83.30900000 8.62454389 3983.77880000 9.98857586 -1.00000000 0.00000000
4055 0.01000000 0.96186362 0.00236526 1.10154551 0.05741948 91.76510000 8.98729098 3660.38540000 12.65020433 -1.00000000 0.00000000
4014 0.02000000 0.94951228 0.00250197 1.11307838 0.05912348 100.41440000 9.42044304 3372.61590000 16.57509700 -1.00000000 0.00000000
3973 0.03000000 0.93709849 0.00260193 1.12524048 0.06080525 109.20580000 9.73153208 3116.59760000 17.01846753 -1.00000000 0.00000000
3932 0.04000000 0.92443718 0.00272286 1.13875076 0.06234223 118.79010000 10.11519025 2868.13510000 17.44934085 -1.00000000 0.00000000
3891 0.05000000 0.91163105 0.00287589 1.15334316 0.06439408 128.77330000 10.56386608 2641.07320000 21.83636244 -1.00000000 0.00000000
3850 0.06000000 0.89876497 0.00299076 1.16877872 0.06655373 138.83350000 10.88018454 2440.82740000 22.38514058 -1.00000000 0.00000000
3809 0.07000000 0.88563867 0.00312716 1.18604943 0.06948323 149.67550000 11.29118013 2246.91440000 22.50093113 -1.00000000 0.00000000
3768 0.08000000 0.87218643 0.00326859 1.20566172 0.07242234 161.44660000 11.65732979 2058.90380000 22.62284962 -1.00000000 0.00000000
3727 0.09000000 0.85834910 0.00340897 1.22826092 0.07645616 174.32220000 11.99948274 1876.98830000 22.88564481 -1.00000000 0.00000000
3686 0.10000000 0.84410850 0.00357722 1.25388549 0.08031689 188.27810000 12.42474941 1701.47090000 23.09210856 -1.00000000 0.00000000
3645 0.11000000 0.82970791 0.00382036 1.28139012 0.08470043 202.46780000 13.05638580 1545.56890000 26.16065922 -1.00000000 0.00000000
3604 0.12000000 0.81557231 0.00400442 1.30950911 0.08873103 216.29170000 13.44064270 1413.50140000 26.41964416 -1.00000000 0.00000000
3564 0.13000000 0.80066538 0.00422346 1.34212088 0.09683600 231.47730000 13.87134911 1283.61280000 26.16253283 -1.00000000 0.00000000
3523 0.14000000 0.78519702 0.00446501 1.38039821 0.10348578 247.94770000 14.31616080 1158.58390000 25.90756417 -1.00000000 0.00000000
3482 0.15000000 0.76917288 0.00471125 1.42301097 0.11088606 265.67950000 14.72998564 1038.55030000 25.54986790 -1.00000000 0.00000000
3441 0.16000000 0.75240115 0.00497833 1.47339940 0.11964538 284.99290000 15.16129401 923.67870000 25.22412520 -1.00000000 0.00000000
3400 0.17000000 0.73482314 0.00526699 1.53272674 0.13218338 305.91220000 15.54552210 814.21860000 24.74721513 -1.00000000 0.00000000
3359 0.18000000 0.71628145 0.00559461 1.60221734 0.14531668 328.65000000 16.01163131 710.34100000 24.45334160 -1.00000000 0.00000000
3318 0.19000000 0.69650513 0.00598923 1.68882156 0.16377682 353.50880000 16.45497491 612.19200000 23.97180011 -1.00000000 0.00000000
3277 0.20000000 0.67543984 0.00650537 1.79000439 0.18660365 380.45260000 17.03793363 519.89610000 23.08597845 -1.00000000 0.00000000
3236 0.21000000 0.65315105 0.00715798 1.90909297 0.21210232 408.90960000 17.89761046 437.25800000 22.56923953 -1.00000000 0.00000000
3195 0.22000000 0.63122197 0.00790674 2.02556689 0.23802857 435.58690000 18.83837405 373.07430000 22.30989809 -1.00000000 0.00000000
3154 0.23000000 0.60836104 0.00863072 2.15662993 0.27256127 463.17340000 19.45499376 316.51970000 21.30409816 -1.00000000 0.00000000
3113 0.24000000 0.58406038 0.00941856 2.30911478 0.31451839 492.45040000 19.98943965 264.25630000 20.31719688 -1.00000000 0.00000000
3072 0.25000000 0.55788557 0.01041270 2.49696588 0.37016283 523.76130000 20.62135413 216.44880000 19.11145477 -1.00000000 0.00000000
3031 0.26000000 0.52962307 0.01150385 2.72806481 0.43830299 557.08800000 21.28908590 173.37250000 17.80571392 -1.00000000 0.00000000
2990 0.27000000 0.49888894 0.01291268 3.01761522 0.54815904 592.57470000 21.98679972 135.07890000 16.41004582 -1.00000000 0.00000000
2949 0.28000000 0.46509832 0.01477544 3.38734397 0.70168334 630.52900000 22.68283514 101.70560000 14.97054242 -1.00000000 0.00000000
2908 0.29000000 0.42763691 0.01715047 3.87969711 0.91854721 670.82160000 23.45101210 73.15980000 13.26193243 -1.00000000 0.00000000
2867 0.30000000 0.38586694 0.02047915 4.54912410 1.35716357 713.52210000 24.31720470 49.66770000 11.38892653 -1.00000000 0.00000000
2826 0.31000000 0.33824985 0.02521847 5.61977959 2.58308857 758.61200000 25.12053264 31.19960000 9.41037807 -1.00000000 0.00000000
2785 0.32000000 0.28220723 0.03456232 7.84876448 6.59132849 805.92820000 26.00604307 17.67930000 7.19839101 -1.00000000 0.00000000
2744 0.33000000 0.21387769 0.04802681 12.36045885 11.46415859 855.43290000 26.87381844 8.82420000 4.89841748 -1.00000000 0.00000000
2703 0.34000000 0.13951597 0.05221763 16.59381080 10.94599159 906.45320000 27.49894960 4.04470000 2.90099009 -1.00000000 0.00000000
2662 0.35000000 0.07999668 0.03928014 16.45031873 7.15136526 957.55830000 27.74624275 1.90250000 1.67740130 -1.00000000 0.00000000
2621 0.36000000 0.04564602 0.02425507 13.07674527 3.84804733 1007.21490000 27.64825421 1.04390000 1.10303874 -1.00000000 0.00000000
2580 0.37000000 0.03019746 0.01523031 10.34530424 2.32786982 1046.88590000 27.44932108 0.69580000 0.85447959 -1.00000000 0.00000000
2540 0.38000000 0.02300002 0.01102349 8.64622297 1.65383348 1076.20650000 27.34170468 0.52900000 0.73553593 -1.00000000 0.00000000
2499 0.39000000 0.01823164 0.00817308 7.37873097 1.19993773 1103.14540000 26.97351694 0.42370000 0.65576010 -1.00000000 0.00000000
2458 0.40000000 0.01478530 0.00610054 6.39390274 0.90737261 1128.44160000 26.63334607 0.34200000 0.59031419 -1.00000000 0.00000000
2417 0.41000000 0.01232041 0.00484284 5.59177354 0.68592861 1152.19480000 26.24483058 0.28110000 0.53226978 -1.00000000 0.00000000
2376 0.42000000 0.01040715 0.00381554 4.95810078 0.53786839 1174.29790000 25.89323467 0.23370000 0.48426001 -1.00000000 0.00000000
2335 0.43000000 0.00889426 0.00307923 4.44216901 0.42814348 1194.68680000 25.35338607 0.19010000 0.43724262 -1.00000000 0.00000000
2294 0.44000000 0.00770198 0.00257732 4.01501865 0.34298638 1213.50560000 24.86887241 0.16010000 0.39784899 -1.00000000 0.00000000
2253 0.45000000 0.00672131 0.00215715 3.65898564 0.28260778 1230.71120000 24.40175279 0.13200000 0.36467698 -1.00000000 0.00000000
2212 0.46000000 0.00593384 0.00182923 3.35721806 0.23796869 1246.23240000 24.06258280 0.10880000 0.33132090 -1.00000000 0.00000000
2171 0.47000000 0.00526208 0.00157022 3.09877614 0.19973695 1260.12740000 23.58089004 0.08970000 0.30143490 -1.00000000 0.00000000
2130 0.48000000 0.00469197 0.00132524 2.87365075 0.16884986 1272.45000000 23.12383556 0.07120000 0.26969952 -1.00000000 0.00000000
2089 0.49000000 0.00420435 0.00113222 2.67857620 0.14420978 1282.97770000 22.63284841 0.05910000 0.24415805 -1.00000000 0.00000000
2048 0.50000000 0.00378389 0.00098933 2.50776524 0.12543922 1291.87720000 22.15460229 0.04800000 0.21886249 -1.00000000 0.00000000
2007 0.51000000 0.00341511 0.00085635 2.35573653 0.10915250 1299.20890000 21.58258190 0.04000000 0.19950935 -1.00000000 0.00000000
1966 0.52000000 0.00309778 0.00075314 2.22033862 0.09603529 1304.87540000 21.15340213 0.03110000 0.17588600 -1.00000000 0.00000000
1925 0.53000000 0.00281587 0.00065997 2.09900621 0.08437746 1308.97570000 20.58076447 0.02530000 0.15831114 -1.00000000 0.00000000
1884 0.54000000 0.00256316 0.00057106 1.98981771 0.07504401 1311.51060000 20.00398719 0.01880000 0.13728964 -1.00000000 0.00000000
1843 0.55000000 0.00233245 0.00049426 1.89211448 0.06684874 1312.22300000 19.47211307 0.01420000 0.11916283 -1.00000000 0.00000000
1802 0.56000000 0.00214580 0.00044324 1.80734215 0.05878155 1310.17030000 18.55134262 0.01100000 0.10526209 -1.00000000 0.00000000
1761 0.57000000 0.00202583 0.00041367 1.74855681 0.05347251 1300.96080000 17.67703909 0.00950000 0.09803423 -1.00000000 0.00000000
1720 0.58000000 0.00193467 0.00039254 1.70143732 0.05060943 1288.07070000 17.23470351 0.00840000 0.09235959 -1.00000000 0.00000000
1679 0.59000000 0.00185239 0.00037154 1.65669732 0.04780376 1274.17120000 16.77900009 0.00720000 0.08572570 -1.00000000 0.00000000
1638 0.60000000 0.00177310 0.00035226 1.61427713 0.04549837 1259.28830000 16.30721238 0.00630000 0.08038007 -1.00000000 0.00000000
1597 0.61000000 0.00169534 0.00033482 1.57320544 0.04304202 1243.63580000 15.79619924 0.00520000 0.07330414 -1.00000000 0.00000000
1556 0.62000000 0.00162202 0.00031758 1.53494909 0.04099536 1227.42300000 15.37878804 0.00420000 0.06620271 -1.00000000 0.00000000
1516 0.63000000 0.00155095 0.00030132 1.49763261 0.03901955 1209.87760000 14.87365929 0.00340000 0.05990658 -1.00000000 0.00000000
1475 0.64000000 0.00148457 0.00028780 1.46186487 0.03691802 1191.42330000 14.34733779 0.00270000 0.05189392 -1.00000000 0.00000000
1434 0.65000000 0.00141860 0.00027191 1.42772730 0.03510375 1172.03320000 13.88993847 0.00240000 0.04893342 -1.00000000 0.00000000
1393 0.66000000 0.00135505 0.00025761 1.39505972 0.03346550 1151.72950000 13.42435664 0.00190000 0.04354974 -1.00000000 0.00000000
1352 0.67000000 0.00129272 0.00024461 1.36368868 0.03180506 1130.48740000 12.91281981 0.00140000 0.03739224 -1.00000000 0.00000000
1311 0.68000000 0.00123110 0.00023075 1.33368966 0.03022693 1108.32410000 12.41427689 0.00130000 0.03603387 -1.00000000 0.00000000
1270 0.69000000 0.00117085 0.00021771 1.30504063 0.02865932 1085.25470000 11.90048697 0.00090000 0.02998800 -1.00000000 0.00000000
1229 0.70000000 0.00111675 0.00020626 1.27764503 0.02714758 1061.20650000 11.35932045 0.00060000 0.02448877 -1.00000000 0.00000000
1188 0.71000000 0.00106130 0.00019379 1.25154477 0.02569836 1036.21470000 10.82539250 0.00040000 0.01999700 -1.00000000 0.00000000
1147 0.72000000 0.00100557 0.00018467 1.22662990 0.02420081 1010.34110000 10.28027817 0.00030000 0.01731878 -1.00000000 0.00000000
1106 0.73000000 0.00095010 0.00017685 1.20292146 0.02269737 983.53760000 9.68371642 0.00030000 0.01731878 -1.00000000 0.00000000
1065 0.74000000 0.00089487 0.00016535 1.18050231 0.02156832 955.76010000 9.19196373 0.00010000 0.01000000 -1.00000000 0.00000000
1024 0.75000000 0.00084460 0.00014854 1.15907757 0.02025360 927.09840000 8.59280519 0.00010000 0.01000000 -1.00000000 0.00000000
983 0.76000000 0.00080522 0.00012999 1.14169483 0.01870760 896.31970000 7.81402571 0.00010000 0.01000000 -1.00000000 0.00000000
942 0.77000000 0.00078369 0.00012195 1.13004827 0.01810120 862.81440000 7.34899676 0.00010000 0.01000000 -1.00000000 0.00000000
901 0.78000000 0.00076614 0.00011852 1.11944515 0.01759233 828.56190000 6.91396765 0.00010000 0.01000000 -1.00000000 0.00000000
860 0.79000000 0.00074744 0.00011849 1.10913096 0.01712284 793.86090000 6.50619584 0.00010000 0.01000000 -1.00000000 0.00000000
819 0.80000000 0.00072444 0.00012238 1.09887215 0.01658373 758.81150000 6.10284296 0.00000000 0.00000000 -1.00000000 0.00000000
778 0.81000000 0.00069929 0.00012721 1.08890062 0.01583123 723.33630000 5.63476507 0.00000000 0.00000000 -1.00000000 0.00000000
737 0.82000000 0.00067134 0.00013274 1.07926345 0.01526201 687.43980000 5.25026975 0.00000000 0.00000000 -1.00000000 0.00000000
696 0.83000000 0.00064036 0.00013490 1.06977610 0.01465706 651.18920000 4.84649896 0.00000000 0.00000000 -1.00000000 0.00000000
655 0.84000000 0.00060737 0.00013267 1.06066685 0.01405738 614.49800000 4.42820019 0.00000000 0.00000000 -1.00000000 0.00000000
614 0.85000000 0.00057795 0.00012511 1.05178056 0.01343200 577.40240000 4.00999779 0.00000000 0.00000000 -1.00000000 0.00000000
573 0.86000000 0.00055054 0.00011102 1.04315202 0.01286760 539.90040000 3.59552119 0.00000000 0.00000000 -1.00000000 0.00000000
532 0.87000000 0.00052803 0.00009255 1.03508334 0.01222355 502.89190000 3.17477910 0.00000000 0.00000000 -1.00000000 0.00000000
492 0.88000000 0.00050906 0.00006968 1.02707092 0.01142960 464.55910000 2.72969821 0.00000000 0.00000000 -1.00000000 0.00000000
451 0.89000000 0.00049556 0.00004926 1.01938242 0.01049966 425.81390000 2.28604230 0.00000000 0.00000000 -1.00000000 0.00000000
410 0.90000000 0.00048076 0.00005089 1.01230907 0.00908569 386.64290000 1.82858250 0.00000000 0.00000000 -1.00000000 0.00000000
369 0.91000000 0.00046294 0.00007455 1.00799943 0.00788935 346.71590000 1.50173657 0.00000000 0.00000000 -1.00000000 0.00000000
328 0.92000000 0.00044104 0.00009645 1.00548627 0.00703738 306.35410000 1.28073308 0.00000000 0.00000000 -1.00000000 0.00000000
287 0.93000000 0.00040774 0.00011479 1.00332679 0.00579588 265.88910000 1.04962439 0.00000000 0.00000000 -1.00000000 0.00000000
246 0.94000000 0.00036511 0.00012207 1.00165268 0.00430669 225.31940000 0.81819960 0.00000000 0.00000000 -1.00000000 0.00000000
205 0.95000000 0.00031924 0.00011268 1.00061421 0.00277880 184.63620000 0.59622572 0.00000000 0.00000000 -1.00000000 0.00000000
164 0.96000000 0.00027803 0.00008441 1.00012535 0.00136712 143.85230000 0.37986727 0.00000000 0.00000000 -1.00000000 0.00000000
123 0.97000000 0.00025112 0.00004070 1.00000396 0.00028003 102.97120000 0.16844405 0.00000000 0.00000000 -1.00000000 0.00000000
82 0.98000000 0.00024414 0.00000000 1.00000000 0.00000000 62.00000000 0.00000000 0.00000000 0.00000000 -1.00000000 0.00000000
41 0.99000000 0.00024414 0.00000000 1.00000000 0.00000000 21.00000000 0.00000000 0.00000000 0.00000000 -1.00000000 0.00000000
0 1.00000000 0.00000000 0.00000000 0.00000000 0.00000000 0.00000000 0.00000000 0.00000000 0.00000000 -1.00000000 0.00000000
